0.713842
1.37582
0.468956
1.03382
0.675413
0.769412
0.777008
1.24863
0.447345
0.992806
0.48439
0.753918
0.712332
0.76035
1.23118
0.676643
0.743863
0.689827
0.600344
1.38213
0.7529
0.459459
0.934352
0.686062
0.57699
0.690348
0.813616
1.39007
0.460315
0.757162
0.705688
0.625057
1.44728
1.45372
0.664113
0.877082
0.880227
0.447566
0.417456
0.714035
0.413942
0.391266
0.790207
0.400767
0.790088
0.625466
0.627464
0.509985
0.750216
1.16384
0.422224
0.677918
0.795035
1.01931
0.818751
1.64146
1.68815
0.437604
0.197828
0.582798
0.757185
0.793436
0.550411
1.39552
0.78553
0.930821
0.71595
0.632699
0.58705
0.955877
1.2696
0.401465
0.220818
0.263391
1.05414
1.32673
1.22491
1.22389
0.641627
0.633409
0.690531
0.51942
0.435612
0.459811
0.827702
0.521443
0.793697
0.487714
0.707425
0.721569
1.26681
0.821648
0.606038
0.69687
0.60323
0.711506
0.72421
0.620372
1.239
0.404663
0.780621
0.658361
0.619547
1.08297
0.446084
0.930132
0.593112
0.675315
0.728273
0.446467
0.814871
0.770132
0.751125
0.837792
0.670741
0.720986
0.694883
0.666312
1.24935
0.395929
0.386133
0.106583
0.300265
0.732161
0.665984
0.518335
0.393857
0.418619
0.750187
0.767803
1.0355
0.602198
1.00222
0.674048
0.818724
0.749113
0.815948
0.512648
0.648989
1.12177
0.678682
0.809643
0.64313
1.36755
0.563989
0.49254
0.673522
1.42518
0.989077
1.43571
1.43845
0.457749
1.14214
0.825433
0.617875
0.767074
0.791297
0.64576
0.64687
0.761831
0.744282
0.867493
0.869555
1.23759
0.744134
0.709135
0.720473
0.705759
0.623104
0.417508
0.704862
0.423914
0.678372
0.608456
0.716424
0.664677
0.60767
0.813929
0.649411
0.552866
0.800734
1.24792
0.667371
0.755513
1.37378
0.73244
0.739248
0.830023
0.781876
0.463302
0.626744
0.831171
1.02263
0.659985
1.08372
1.08935
1.08935
1.09038
1.40172
1.39017
0.754935
0.684794
0.268127
0.774992
0.457555
0.737135
0.567969
0.730706
1.30733
0.526748
0.612801
0.726356
0.739686
1.46945
0.816826
0.462626
0.585967
0.802952
0.632387
0.641173
0.687803
0.692212
1.30675
0.429623
0.456817
0.611462
1.34834
0.388901
0.656965
0.125394
0.886455
0.690605
0.720493
0.822829
0.889497
0.678061
0.388975
0.466638
0.705396
0.705396
1.32446
0.456916
0.373108
0.381491
0.589426
0.685769
1.3113
0.450034
0.680631
1.36508
0.66292
0.589213
1.37576
1.19121
0.462389
0.664186
0.767905
0.644816
0.433932
0.735205
1.02135
0.516888
1.31062
0.389619
0.640777
0.362949
0.603462
0.380059
0.943916
1.04303
0.643807
0.414498
1.62589
1.08042
0.388642
1.21622
1.05364
0.614543
0.119756
0.597336
1.11973
0.25346
0.517145
0.41864
0.575904
0.782545
0.826424
0.632064
1.00387
1.30339
0.762198
0.709163
0.661491
1.26224
0.776457
0.82464
0.79613
0.675242
0.6312
0.723213
0.651504
0.618226
0.691894
0.752425
0.809708
0.718748
1.08293
1.17815
1.12397
0.676177
1.21583
1.32297
0.897195
0.734203
0.806852
1.43122
0.745328
0.700425
1.36302
0.509728
0.774302
0.716803
0.625122
0.825654
0.697138
0.367033
0.744924
0.611099
1.31799
1.38007
1.41387
0.764021
0.77693
1.24396
0.777208
0.684196
1.43046
0.239477
0.85362
0.72441
1.0742
1.2574
0.414947
0.806569
0.717985
0.767772
0.339114
0.780951
0.682976
0.755211
0.592763
0.497561
0.508384
0.651531
1.36277
0.634634
0.776641
0.600197
0.479939
0.698626
0.646232
0.432026
1.3279
0.600512
0.627632
0.694064
0.796993
0.693927
0.806126
0.527996
0.746632
0.797123
0.25336
0.489799
0.703941
0.735972
0.818549
0.571854
0.67993
0.875268
0.618065
0.693698
0.385902
1.29101
0.61906
0.571676
1.33053
0.743101
1.17021
0.709681
0.515967
0.66785
1.19029
1.35073
0.580669
0.697627
0.541616
0.534308
0.75484
0.507247
0.752917
0.482103
0.803191
0.815704
1.31283
0.617519
1.38036
0.687979
0.639087
0.434348
1.38961
0.619266
0.680677
1.22744
0.819924
0.647031
0.726002
0.799898
0.836967
0.745568
0.789644
0.409138
0.987847
1.04123
0.630662
0.772889
0.636385
1.75872
1.38973
0.800369
0.458773
0.432821
0.793608
0.615862
0.600598
0.60111
0.934582
1.31796
0.797428
0.417243
0.729409
0.57903
1.21468
0.801245
0.675844
1.36401
0.558233
0.562029
1.40751
0.605804
1.33792
0.628211
0.80127
0.656501
0.60348
0.774771
0.796674
0.537889
0.443277
0.727186
0.755113
0.382339
0.705278
0.613373
0.751572
0.39655
0.73531
0.828726
0.775939
1.13732
0.702891
0.575752
0.78558
0.449764
0.595778
0.544804
0.645534
0.734314
0.466186
0.434518
0.580283
0.424938
0.628383
0.605014
0.656402
1.12421
0.737327
0.726744
0.675901
1.32006
0.688417
0.66264
0.470897
0.825975
1.29917
1.36255
1.31623
0.459619
0.692196
0.941025
1.09806
1.39255
0.720099
0.423051
0.61404
0.805256
0.520431
0.284553
0.641504
0.622371
0.713101
1.44185
0.594485
0.423497
0.664834
0.817546
0.714882
0.576505
1.36718
0.674703
0.730829
1.35471
0.38121
0.624317
0.43
0.83186
0.817116
0.837026
0.694694
1.23433
1.30453
0.819602
0.975723
0.68947
1.02855
0.793986
0.64214
0.951431
0.92574
1.31707
1.16623
0.493151
0.727345
0.603135
0.820681
0.817868
0.554759
0.702545
0.786211
0.787006
0.727065
0.727065
0.727065
0.73032
0.821686
1.29897
0.554242
0.713639
0.594131
0.733459
1.26423
0.5328
0.439933
1.43632
0.642985
0.80308
0.405356
0.793245
1.24509
1.43842
0.868796
0.75388
0.510222
0.761708
0.447424
1.55806
1.38405
0.425436
0.721165
0.507836
0.48757
0.400459
0.548692
0.705295
0.410346
0.497484
0.682316
0.442995
0.616616
1.38732
1.39418
0.53417
0.588109
1.39067
1.40464
0.876831
1.0932
0.824474
0.624965
0.986324
0.790614
0.731553
0.721521
0.664539
0.403207
0.562426
0.70047
0.765469
0.830389
0.540787
0.546534
0.550642
0.814621
0.711087
0.733341
1.05924
0.434315
0.766033
0.50451
1.27914
1.31852
0.4777
0.382788
1.4021
0.453577
0.908527
0.719381
0.40666
0.717116
0.377924
0.675904
0.457546
0.650065
0.794557
0.739865
1.03045
0.389626
0.803112
0.822014
0.406244
0.458023
1.342
0.466164
1.41273
1.36272
0.552415
0.658766
0.504963
0.682798
0.789435
0.793054
0.770053
0.46601
0.779828
0.762036
0.709573
0.629818
0.998258
1.17938
0.558813
0.420236
0.767461
0.809054
0.559324
0.530262
0.559315
0.662711
0.768157
0.839453
0.6587
0.752508
1.73938
1.02578
0.730297
0.58864
0.746164
0.129602
0.671479
0.719708
0.467967
0.421686
1.08902
0.618413
0.70775
1.36541
0.652031
0.636125
0.804822
0.462438
0.688628
1.06964
0.785215
0.683553
0.529438
0.546952
0.913014
1.30177
0.699606
0.859642
0.779808
0.647453
0.772004
0.761656
1.42905
0.788458
0.423651
0.426097
0.745573
1.38282
0.758267
0.965354
1.02801
1.08607
0.715742
0.472598
0.362355
0.72665
0.459334
0.583364
1.40611
1.18617
0.576488
0.677942
0.816306
0.497037
0.639363
0.388892
0.486797
0.569743
1.4076
0.424107
0.646278
0.720697
0.622696
1.34092
0.781023
0.606609
0.750475
0.681903
0.832381
0.99676
0.76193
0.773586
1.44494
0.835964
0.553073
0.481379
0.608547
0.842285
1.28816
0.767125
0.603004
0.763126
0.958557
0.830541
1.1689
1.29136
0.649203
1.22597
0.680172
0.335061
0.409794
0.634128
0.411943
0.741187
0.572907
0.630276
0.745731
0.799349
0.557185
1.34406
0.827285
0.833831
0.787046
1.00312
1.09441
0.631038
0.630086
0.706258
0.66265
0.731098
0.633159
0.553941
0.762702
0.342921
0.530461
0.821928
0.736607
0.789983
0.789983
1.27703
0.728954
0.974625
0.788647
0.722189
0.664914
0.93909
0.696643
0.37921
0.726733
0.330788
0.791686
0.817405
0.382383
1.20526
0.728279
0.612587
0.424436
0.855886
0.983655
0.757394
0.701463
0.630796
0.892951
0.332578
0.345498
1.38515
0.408937
0.381254
1.00523
0.755006
0.546194
0.552281
0.555499
0.406477
0.827462
0.753157
0.614851
0.394066
0.669735
0.647294
0.768494
0.860119
0.87248
0.708154
0.762049
0.578462
0.697554
0.712305
1.31598
1.0978
1.32347
1.26092
1.07645
1.15885
0.705151
0.640821
0.430559
0.652841
0.78509
1.31773
0.687156
0.630489
0.428506
0.389188
0.465977
0.764132
0.377115
1.38372
0.449767
0.691079
0.618779
0.56723
1.3989
0.942691
1.07839
0.96696
1.08666
1.10051
0.667231
0.584166
0.477606
0.445182
1.04491
1.37321
1.0888
0.706945
0.594465
0.732433
0.707107
0.592562
0.748003
1.41533
1.03497
0.640223
0.507787
0.745363
0.669126
0.461643
1.28401
1.22071
0.5266
0.695192
0.412574
0.681376
0.739003
0.374078
0.996094
1.07099
0.54696
0.274108
0.281065
0.629623
0.778631
0.712163
0.518674
1.4123
0.604146
0.825561
1.26631
0.657509
0.743694
0.466031
1.24437
0.460133
0.595084
0.722559
0.441286
0.783343
0.692633
0.94584
0.548273
0.495117
1.43028
0.770465
0.786135
0.454235
0.808582
0.52486
0.710276
0.763361
0.34325
1.09979
0.771064
0.77881
0.577057
0.615611
0.640271
0.84739
0.798462
0.442294
0.675799
0.776664
0.633211
0.621663
0.643751
1.09309
0.550854
0.58916
0.613948
0.977064
0.632592
0.743118
0.977775
0.413768
0.464144
0.703278
0.726379
0.773292
0.552505
0.456071
0.558386
0.71917
0.659392
0.863679
0.632948
0.748671
0.615853
1.27255
1.28509
0.854337
0.698061
1.15552
0.477605
0.726614
0.650984
0.444382
0.6661
0.39647
0.604586
1.69475
1.08879
0.647698
0.473771
1.29782
0.485865
0.691628
1.29564
0.9019
0.75589
0.475618
0.727856
0.58536
0.776275
0.393984
1.46365
0.375281
0.705662
0.522689
1.33504
0.789148
0.703317
0.424957
0.653046
0.570054
0.340817
0.633898
0.730718
1.23958
0.784089
1.33943
0.608814
0.746821
0.700598
0.522564
0.76297
0.687175
0.686578
0.815752
0.312855
0.570084
0.645424
0.664047
0.942224
0.689848
0.798169
0.799183
0.75498
0.707592
0.490117
0.924403
1.35779
0.540509
0.427778
0.679267
0.776444
0.740984
1.0006
0.729659
0.647005
0.501485
0.360012
1.23881
1.01056
0.762446
0.963878
0.697663
0.42917
1.04544
0.639787
0.879379
0.487546
0.63354
0.735366
0.653033
1.26431
0.433821
1.34598
0.742859
0.807569
0.818234
1.39696
1.42566
1.10833
0.741322
0.643659
0.447106
0.406244
0.5376
0.802266
0.673426
1.22353
0.626346
1.21566
1.64962
1.15247
0.606612
0.77436
1.22654
0.608333
0.423378
0.720812
1.32634
0.775628
0.78196
0.789922
0.72225
0.83746
0.947129
0.708203
0.791532
0.723222
0.794344
1.26744
0.646206
0.726121
1.2419
0.836221
0.582997
0.681711
0.778225
0.654584
0.904362
0.737105
0.625893
0.6616
0.953971
0.658582
0.442173
0.724841
0.830234
1.24472
0.624305
0.713212
0.688119
0.670962
0.279974
0.927165
0.759124
0.36463
0.683181
0.686736
0.863493
0.765485
0.383971
0.493772
0.825267
0.731375
0.787103
0.702738
0.464412
0.76114
0.457082
0.539782
1.35015
0.733391
1.40838
0.777759
1.27539
0.547256
0.513694
0.570378
1.32116
0.767162
0.485003
0.543451
0.544825
0.825755
0.604527
0.790444
0.695215
0.759953
0.684964
0.660224
0.68531
0.580188
1.60797
0.816469
1.10878
0.763601
0.478466
0.808379
1.30573
0.450845
0.198933
1.37201
0.786016
0.819381
0.416803
1.44147
1.32397
0.724256
0.365309
0.564812
0.461151
0.710212
0.707054
0.749677
0.823649
0.495565
0.775701
0.692215
0.621762
0.692615
1.40589
0.68876
0.689767
0.85271
0.904622
0.646903
0.816216
1.19125
0.542983
0.830576
0.6436
0.491601
1.40144
1.24695
1.06944
0.328741
0.627385
0.447323
0.503874
0.727782
1.33528
0.591876
0.507067
0.544004
0.960625
1.12678
0.750646
0.754564
1.37069
0.412052
0.598584
0.741602
0.449273
0.602198
0.820844
0.436977
1.18217
1.31195
0.833415
0.605824
0.645481
1.27929
0.568668
0.737781
0.451509
0.601251
1.5753
0.715572
0.245096
0.796319
0.914496
0.602623
0.602667
0.754001
1.28793
0.643231
0.675856
0.961358
0.672322
0.667993
0.751492
0.735379
0.725139
1.37072
0.690215
0.703872
1.41723
0.49015
0.578796
0.392576
1.37388
0.479419
0.620486
0.381216
0.740791
0.595536
0.718187
0.686235
0.510967
0.821349
0.494388
0.749288
0.502931
1.23125
1.21931
0.629794
0.945307
0.606773
0.608637
0.436539
0.418923
1.24355
0.728647
0.801863
0.452741
0.696884
1.2522
0.402501
0.607896
0.616716
1.37486
0.965604
1.30427
0.71603
0.699046
0.497425
0.608433
0.70943
0.696054
0.448286
0.453346
0.804495
0.652176
0.640795
1.23492
0.683444
0.804691
0.812881
0.756913
1.69989
0.1582
0.787236
0.751571
0.558002
0.805376
0.63951
0.519346
0.779246
0.791662
0.731545
0.747402
1.18278
1.10196
0.683644
1.29629
0.595346
0.649717
0.664686
0.748581
0.45588
0.659155
0.766569
0.37286
0.47573
0.683671
0.422704
0.403049
0.448139
0.839319
1.43751
0.691496
0.949887
1.43539
0.412698
0.649151
0.478297
0.610471
1.08114
1.28396
0.819524
0.822484
0.407636
0.78798
0.608588
1.3025
0.688537
0.565388
0.719604
1.25047
0.746517
0.680609
0.787667
1.11065
0.658034
0.626037
0.830945
1.02831
0.895184
0.976825
0.658978
0.722169
0.61098
0.64006
0.589695
0.807473
1.06266
0.679173
0.998705
0.656995
0.446868
1.01369
0.573873
0.731673
0.715951
0.325374
0.637585
0.20115
0.374861
0.742835
0.726868
1.32374
0.644837
1.53197
0.632287
0.804902
0.654626
0.507966
1.19314
1.19308
0.676263
0.641096
0.809828
1.3655
0.804568
0.81316
0.926041
0.599911
0.737305
0.831952
0.344012
0.626084
0.733967
0.650522
0.493364
1.37512
0.790754
0.590117
1.21636
0.699825
0.797889
1.22397
0.751915
1.29035
0.736169
0.519813
0.579958
0.75805
0.423392
1.27844
0.783286
1.06737
0.50765
0.714669
0.117866
0.796907
0.832532
0.65421
0.466057
0.880558
0.176859
0.737426
0.652118
0.622085
0.803731
1.41378
1.359
1.30629
1.68732
0.763791
0.427677
1.26423
0.7806
1.32764
0.438388
0.690051
0.775136
0.672919
0.767879
0.749937
0.692018
0.773446
0.791581
0.612761
1.21779
1.46816
0.767719
0.857982
0.872787
0.528696
1.35327
0.325635
0.417334
0.43576
0.692014
1.41039
0.619192
0.60608
0.385021
0.720164
0.519805
0.423067
0.644919
0.647923
0.947266
0.552598
0.748922
1.64053
0.683313
0.774077
0.554084
1.44443
0.662115
0.441503
0.596182
0.821919
0.841988
0.6131
1.56697
1.39544
0.63372
0.693504
0.691695
0.426538
0.75707
1.15505
0.470053
0.4146
1.42698
0.758194
0.652892
0.653628
0.818604
0.719844
0.614278
1.40241
1.28098
0.93076
0.710865
0.751624
0.712155
0.475642
0.728778
0.710098
1.46923
0.810357
0.6348
0.807685
1.2004
0.576563
0.737683
0.374795
0.646382
0.709746
1.20424
0.453399
1.40869
0.745546
0.774614
1.13908
0.703921
0.62812
1.15814
0.68698
0.815307
0.679084
1.30537
0.750808
0.678064
0.746628
0.253154
0.815839
0.665823
1.43056
0.875991
0.747385
0.809418
0.815168
1.34654
0.798184
0.764432
1.40797
0.497211
0.659481
0.810484
0.602197
0.553435
0.860872
0.385997
0.763766
0.788806
1.41214
0.723169
0.898428
0.641441
0.82891
0.553362
0.406555
0.857331
0.686494
0.649397
0.714663
0.831282
1.39998
0.623886
0.810423
0.734029
0.718742
0.673907
0.791476
0.701365
0.724667
0.501485
0.689024
0.461045
0.94169
0.791865
0.676208
0.496276
0.756081
0.664676
0.386471
0.389499
0.883697
1.45155
1.46796
0.682015
0.749674
0.84182
0.582451
0.601487
0.971545
1.22263
0.394943
0.932444
1.46117
0.40072
0.737123
1.41093
0.828422
0.823957
0.68213
0.449053
0.937035
1.26478
0.728115
0.585229
0.796042
0.393801
1.07921
0.758032
0.719452
0.385643
0.967809
1.40593
0.922755
0.503613
0.587262
0.64902
1.02861
0.43514
0.39376
0.713226
0.401959
1.34081
1.07491
0.394452
0.480292
0.438446
1.2026
0.608377
0.605151
0.390496
1.07739
0.176298
0.180144
0.757304
0.608692
0.479818
0.40249
0.803162
0.827973
1.31225
0.555407
1.24549
1.02053
0.709044
0.758378
0.707965
0.625801
0.140314
0.953426
0.708648
0.410238
0.837895
0.843776
0.432073
0.410976
0.615853
0.775937
0.430857
0.789031
1.34721
1.68531
0.852519
0.652558
0.67991
0.391885
0.535222
0.959213
1.32254
1.08391
0.764731
0.54596
0.711508
0.553891
1.31771
0.363376
0.323593
0.232975
0.280451
0.875812
0.862437
0.426407
1.37513
0.745831
0.684178
0.818468
0.802688
0.827205
0.461675
0.689095
0.37312
0.678582
0.840837
0.18445
0.443856
0.590835
0.381666
0.732467
1.14785
0.663339
0.732571
0.984599
0.313557
0.786073
0.395803
1.63027
1.12401
0.472548
0.838423
0.522996
0.633045
0.729203
1.01826
0.692727
0.470171
0.585055
0.995757
1.34212
0.68764
0.654629
0.585642
0.692622
0.577562
0.661718
0.902672
0.719685
0.645753
0.700721
0.593282
1.67831
0.728309
0.475066
0.75872
0.689108
0.758725
0.712698
0.370994
1.4374
0.646954
0.80336
0.885527
0.584161
0.81874
1.35337
0.66307
0.504405
0.648637
0.390321
0.792968
0.554724
0.213748
0.665465
0.449457
0.819401
0.812335
0.646224
0.460336
0.39378
0.782917
1.3971
0.913677
0.680273
0.741537
0.431108
0.798867
1.04861
0.425873
0.740892
0.572833
0.449819
0.664279
0.836121
0.722729
0.489447
0.620003
0.290659
1.3154
0.835949
1.35068
1.37079
0.783183
0.740292
0.352249
0.761674
0.694684
0.624505
0.993214
0.765701
0.764423
0.771192
0.2063
1.27753
0.948478
0.842449
1.27516
0.722273
0.476542
1.00222
0.787928
0.644528
0.773699
0.705692
1.08467
0.395663
0.863111
0.991269
1.36451
0.909896
0.542244
0.658177
1.33888
0.764072
0.731115
0.597497
0.722941
1.38742
0.659937
0.467247
0.826596
0.77149
0.712138
0.625987
1.20039
1.34329
0.638091
0.788404
0.855453
0.687343
0.548447
0.773966
1.10324
0.481456
0.407369
0.723797
0.735283
0.53873
1.30711
0.4946
0.760294
0.853333
0.65118
1.21962
0.712952
0.639467
0.738367
0.690742
0.497222
0.991537
0.711119
0.61226
0.56024
0.698271
1.37055
1.14012
0.747482
0.635656
0.12188
0.771187
0.739823
0.752757
1.24522
0.645069
0.750546
0.818603
0.467088
0.648478
0.692766
0.424487
0.251943
0.269919
0.448138
0.829933
0.800721
1.2131
0.784896
1.07934
0.789452
1.02441
0.688408
0.582758
1.30533
0.409896
0.742112
0.582328
0.762791
0.620128
0.837964
0.647439
0.470397
0.740602
0.5941
0.454636
0.573723
0.967435
0.476591
0.702835
0.778168
0.477921
0.520955
1.18619
1.41916
0.771342
0.78415
0.71068
0.796581
0.729898
0.649384
0.703078
0.669979
0.422387
0.733577
0.555228
0.771383
0.635958
1.43869
1.45144
0.767948
0.764434
0.680392
1.25142
1.17619
0.388797
0.626353
0.788532
0.789736
1.20416
0.512803
0.466445
0.806201
0.461701
0.972577
0.639638
0.747707
0.900676
0.744106
0.608613
0.660211
0.718955
0.56153
0.767411
0.621238
0.545796
1.05154
0.810783
0.302844
0.307853
0.733286
0.607915
1.32362
0.637576
0.639076
0.792038
0.579748
1.40882
0.657383
0.830534
0.388706
0.788163
0.656636
0.70644
0.789916
0.76065
0.457854
0.559947
0.694917
0.949824
0.491989
0.733876
0.413687
0.572661
1.18948
0.632091
0.81631
0.470657
0.79088
0.646884
1.32217
0.42019
1.2653
0.411887
0.421829
0.791806
0.741657
0.494114
0.128544
0.651652
1.40148
0.780885
0.720015
0.722587
0.520956
1.31468
0.523588
0.791473
1.25362
0.563024
0.835465
0.603379
0.633007
0.501743
1.32282
1.32372
0.632431
0.676079
0.959661
0.525928
0.704387
1.33421
0.616549
0.676849
0.71898
0.660889
0.686
0.287488
1.35829
1.06566
1.04413
0.777104
0.712961
0.398066
0.411797
0.709337
0.72045
0.415108
0.731925
0.716942
0.726727
0.418144
0.802864
0.932997
0.254823
0.667787
0.560573
0.585112
0.706836
0.755668
0.92738
0.82412
0.797432
0.810208
1.35306
0.740206
0.418979
0.693686
1.17846
0.833054
0.794096
0.436514
0.714742
0.630871
0.530824
0.798232
0.817138
0.514521
1.37271
0.729005
0.726835
0.650375
1.34653
0.694629
0.785574
0.416079
0.68344
0.823406
0.304098
0.557705
0.542084
0.608451
0.614166
0.833989
0.804031
0.605993
0.922009
0.70467
0.74059
0.822221
1.26717
1.13331
0.796965
0.180358
0.773409
0.625186
1.02328
1.27656
0.476456
0.679417
0.674342
0.518169
0.561516
0.530826
0.437969
0.833113
1.4091
0.694371
0.641037
0.438257
1.39083
0.542482
0.772898
0.738367
0.605087
0.649529
0.685111
1.18849
0.495382
0.620055
0.422526
1.3728
0.97789
0.423153
0.67506
0.775335
0.632022
1.63607
0.61993
0.665061
0.84586
0.617277
0.70246
0.779298
0.983239
0.559871
0.8098
0.674735
0.449556
0.618258
1.29384
0.376098
0.656959
0.702163
0.834647
0.70097
0.831413
0.433583
0.52058
0.232066
0.736822
1.03484
0.742919
0.72932
0.174364
0.382017
0.545827
0.390827
0.576107
0.615931
1.09399
1.00349
1.3138
0.720953
0.737267
0.449413
0.721552
0.816944
0.808152
0.808042
0.690549
0.815835
0.714495
0.614637
0.709836
0.651829
0.875049
0.773922
1.24788
0.458261
0.666022
0.759328
0.504982
0.648728
0.721591
0.632638
0.721246
0.687389
0.761417
0.443827
0.47389
0.632242
0.765986
0.950912
1.39386
0.530359
0.439693
1.42482
0.557658
1.19928
0.409002
0.673633
0.408529
0.785209
0.791354
0.81696
0.701371
0.774552
0.576708
0.689825
1.43209
0.660444
0.805732
0.810413
0.671373
0.813818
0.62763
0.627317
0.635218
0.858719
0.422607
0.399985
0.684293
0.412514
0.831984
0.746033
1.31643
0.384361
0.417428
0.710767
0.568185
1.18254
0.460166
0.434915
0.564903
0.750078
0.69933
1.29217
0.692751
0.447514
0.484477
0.761982
1.47127
0.787655
0.108575
0.741335
1.15657
0.647402
0.887237
1.19656
0.842397
0.747704
0.609685
0.552697
0.760567
0.990802
0.836582
0.660926
0.634306
0.950441
0.572418
0.399586
0.821746
0.63683
1.28844
0.419163
0.777924
1.37843
0.697105
0.391856
0.816262
0.779418
0.626664
0.435351
0.638589
0.715966
0.723665
1.41462
1.09266
0.37249
0.789507
1.14684
0.752913
0.463776
0.197702
0.611382
0.770258
0.4596
0.551972
0.667449
0.704171
0.633815
0.461693
0.79841
1.36232
0.736754
0.7089
0.72869
0.978323
0.75135
0.672225
0.590468
0.43527
0.613577
0.443941
0.740567
0.709853
0.681093
1.44486
0.592445
0.726113
0.607061
0.588224
0.746449
0.427239
0.57571
0.742337
0.835642
0.448717
0.92142
0.620771
0.641303
0.515732
1.02506
0.492015
0.701785
0.534735
0.616632
1.27159
0.513973
0.694539
0.741212
0.74966
0.692407
0.677751
0.411582
0.890762
0.432388
1.35953
0.650563
0.627875
0.850646
0.694465
0.578672
0.768337
0.669669
0.698501
0.535958
0.714555
0.700117
1.32583
1.05647
1.47225
1.08135
1.30221
0.450538
0.972339
0.811151
0.406455
0.405987
0.818093
0.70886
0.737969
0.431305
0.664034
0.481073
0.624134
0.746088
1.3639
1.20143
0.768177
1.13562
0.408978
0.815525
0.718756
0.795099
0.65374
0.726987
0.869123
1.38129
0.314284
0.712949
0.572792
1.24618
0.812059
0.832975
1.61767
0.634161
0.485653
0.62861
0.505352
0.400708
0.766377
1.34363
0.819639
0.791885
0.845891
0.611994
0.655169
1.13036
0.684282
0.620661
0.477416
0.653125
0.752243
0.65416
0.953535
0.751318
0.766857
0.528948
0.768398
0.605782
0.471722
0.44552
0.652866
1.1855
0.803433
0.83308
0.547397
0.449645
0.552135
1.52326
0.709166
0.527655
0.809031
0.809326
1.37675
1.37675
0.628696
0.887785
0.292995
0.626797
0.760721
0.824406
1.09505
0.846324
0.809488
0.516191
0.590456
1.44148
1.38115
0.659957
0.828946
0.812204
0.604835
0.775796
0.663579
0.710515
0.813921
1.24267
0.725162
0.903385
0.913924
0.66438
0.504392
0.766629
1.2815
0.638611
0.56406
1.17842
0.388656
1.39836
0.665074
1.24249
1.11805
0.700979
0.553162
0.613216
0.454075
0.841752
0.434584
0.476638
0.771511
0.459132
0.688961
1.44601
0.802546
1.13581
1.36356
0.440516
1.28438
0.653451
0.195139
0.752811
0.613826
0.780661
0.65483
0.6723
0.491749
0.606317
0.734306
0.794993
0.444776
0.87329
0.89685
0.698487
0.818914
0.447189
0.68014
0.805318
0.746964
0.717302
0.646146
0.419926
0.628381
0.780285
0.68816
0.829228
0.690664
0.783805
0.454566
0.534364
1.35332
0.660564
0.773346
0.461354
0.408521
0.790088
0.780358
0.769238
0.798954
0.605321
0.730837
0.725868
0.628807
0.660582
0.777021
0.716475
0.599197
0.763249
0.841793
0.796794
0.519903
0.678641
0.747059
0.730488
0.676983
0.646249
0.740399
0.3961
0.598192
0.62454
1.19617
1.14723
0.741997
1.12675
0.623546
1.38688
0.790261
0.557646
0.50362
0.500852
0.581604
0.660145
1.30619
0.691334
0.376291
0.181239
0.747724
0.651044
0.652409
0.501619
0.604027
0.591266
0.808143
1.70777
0.398312
0.693274
1.31959
0.47902
0.454539
0.683688
1.45762
0.422781
0.629315
0.808474
0.561383
0.750375
0.688079
0.771634
0.756284
0.613978
0.729517
0.759585
1.28673
1.40483
1.77428
1.31455
0.746808
0.770457
0.641777
1.41788
0.203646
1.34326
0.807824
0.58272
0.703189
1.39391
0.707936
0.657183
0.454746
0.655974
1.11554
0.528021
0.742149
0.222965
1.4472
0.73542
0.725287
0.647979
0.380503
0.778846
0.723573
0.755639
0.7297
1.44736
0.681176
1.12695
0.942131
0.705989
0.41376
0.744376
0.606282
0.5381
1.53924
1.03161
0.491528
1.11782
0.592415
1.34998
0.510614
0.804519
0.499562
0.748625
1.36522
0.806653
0.526873
1.07546
0.729323
0.176307
0.253335
0.994887
0.459217
0.472394
0.581625
0.755019
1.10299
0.296193
0.344216
0.721523
0.769936
0.779352
0.460042
0.757628
0.807576
0.842917
1.66484
0.691995
0.709303
0.446185
0.747862
0.435563
0.511548
0.718001
0.638593
0.811032
0.822162
0.793213
1.0326
0.496293
0.795714
0.756351
0.651356
0.743937
0.398235
0.629247
0.684885
0.714523
0.68603
0.792311
0.420661
0.942774
0.512417
0.714779
0.527313
0.65427
0.460163
0.90394
0.583892
0.656671
0.99487
0.806047
1.02364
0.334686
0.393783
0.936112
0.599528
0.587223
1.02688
0.711399
0.629806
0.697184
0.619447
1.0795
0.694443
0.79079
0.372528
0.412905
1.1378
0.539637
0.791844
0.641173
0.985663
1.22957
0.667067
0.465797
0.698129
0.636978
0.407023
0.830213
1.31438
0.564697
0.642505
0.691764
0.68051
0.687645
0.590003
0.70665
0.768365
1.23633
1.03266
1.17126
1.09629
0.723891
0.785612
0.49912
0.433394
0.651629
0.708354
1.04869
0.566873
0.704092
0.793934
0.605416
0.5153
1.35147
1.36645
0.413723
0.687008
0.743826
0.506961
0.557891
1.32537
0.637644
1.28154
0.724581
0.733671
0.902106
1.38384
0.661
0.833493
0.55265
0.511666
0.790967
0.803581
0.368752
0.420569
0.632713
0.670025
0.746554
0.890325
0.471787
0.627427
1.10589
0.788973
0.813795
0.612447
1.25063
0.79145
0.819704
0.680853
1.4281
1.43113
0.577232
0.59254
0.393017
1.43868
0.4788
0.801704
0.814353
0.313384
0.69733
0.615325
0.73838
1.39609
0.73854
0.655461
0.734656
1.23022
0.68679
0.813509
0.665749
0.817353
0.60141
0.441589
0.778559
0.670017
0.719022
0.70551
0.365778
0.695383
0.589901
0.594676
0.662427
0.494505
0.926701
0.774551
0.636552
0.65192
0.41578
0.622134
1.58306
1.46041
1.36983
0.824287
1.2781
0.514468
0.614258
0.583471
0.435179
0.546542
1.21194
0.694136
0.683434
0.874528
0.960584
0.451293
0.530245
0.826526
0.507225
0.677288
0.678693
0.496
0.870318
0.623892
0.678112
0.520923
0.649686
0.670178
0.420701
0.824398
0.781145
0.582292
0.6015
0.680256
0.916924
1.37189
0.578575
1.0924
1.11685
0.814638
1.17562
0.644708
0.727225
0.519404
1.34446
0.777806
1.31878
0.884043
0.666137
0.699105
0.683738
0.67192
0.763793
0.728732
1.29553
0.664718
1.05761
0.764601
0.529469
0.728341
0.739219
1.32253
0.566185
0.762686
0.385126
0.346856
0.364412
1.11699
0.734957
1.32325
0.554328
0.514937
0.643934
1.36943
1.38818
0.736278
0.779322
0.769658
0.443912
0.504472
0.535565
1.24028
0.7318
0.405136
0.393603
1.05282
0.766103
0.440497
0.969425
0.642897
0.503113
0.629176
0.421329
0.757241
0.734543
0.457782
0.679413
0.392199
0.522216
0.732328
0.401514
1.00875
1.35223
0.995299
0.834498
1.30829
0.668904
0.574875
0.530692
0.754373
1.43261
0.78915
0.787109
0.374575
1.27733
0.491954
0.628392
0.63744
0.672048
0.610951
0.892518
0.907666
1.28471
0.878596
0.562364
1.28945
0.702121
0.416894
0.392296
0.77018
0.811556
0.812678
1.06084
0.747465
0.713568
1.30823
1.45748
0.638798
0.728621
0.785869
0.787138
0.77098
0.654697
0.544093
1.38672
1.04179
1.02497
0.737201
0.509499
0.744047
1.42948
0.740461
0.565056
0.648212
1.36039
0.764143
1.39461
1.21242
0.684379
0.688451
0.760643
0.563393
0.687827
0.849393
1.36716
0.944538
0.652927
0.704319
0.832435
1.36482
0.652776
0.507279
1.66643
0.910474
0.560286
0.928882
1.36038
0.668305
0.498889
0.432872
1.22661
0.795228
0.813732
0.444685
0.413101
0.463276
0.82757
0.705621
0.649244
0.763196
0.647879
0.450218
0.440031
0.613011
0.832461
0.683372
0.934691
1.25106
0.59408
0.769557
0.553604
0.489764
1.2688
0.717055
0.650231
0.808756
0.760279
0.632784
1.39981
0.503249
0.750431
0.622193
0.417501
1.28526
0.666656
0.475789
0.39175
0.744557
0.777216
0.711589
0.743664
0.749529
0.723076
0.95916
0.669033
0.715924
0.45879
0.718438
0.585936
1.35648
0.440473
0.971014
0.981812
0.674893
1.1513
0.682899
1.16758
0.768781
1.32722
1.02701
1.32231
1.25872
0.78669
0.622457
0.84153
0.659955
0.751182
0.842761
1.39674
0.763725
0.824803
0.7334
0.751137
0.930194
0.698148
0.665221
1.31181
0.594643
0.81858
0.337435
0.641825
0.994947
0.910068
0.75473
0.75342
0.833112
0.507593
0.891351
0.805425
0.738017
0.699354
0.538409
0.539021
0.754525
0.388628
0.641913
1.31494
1.37438
1.3744
0.748278
0.759822
0.623536
1.41209
0.740118
0.831038
0.777902
0.784383
0.830695
0.930529
0.647011
0.776859
0.758116
0.760412
0.889993
0.948024
0.716682
0.804703
0.804703
0.719996
0.812333
1.00005
0.752575
0.64895
0.723798
0.512248
0.706586
0.684366
0.67817
1.34937
0.724205
0.644808
0.343632
0.746022
0.73039
1.66773
0.643155
1.02622
1.21751
0.739805
0.850776
1.01347
0.898185
0.884218
0.818839
0.751606
0.339653
0.610398
0.635266
0.733862
0.703954
0.697415
1.20986
1.36457
0.777514
0.638365
1.16832
0.656227
0.621461
1.02962
0.638114
0.750753
0.782813
1.33599
0.745885
0.94804
1.38597
1.23625
0.68314
0.729636
0.6773
0.658951
0.692761
0.707364
1.1957
1.03052
0.410061
0.609939
0.825855
0.79781
0.902466
0.687976
0.898783
0.952296
0.468063
0.388499
1.28387
1.19534
0.738475
0.75709
0.39077
0.569568
0.711071
0.745044
0.896658
0.85467
0.772419
0.712147
0.569564
0.60094
0.444435
0.723707
0.706655
0.556698
0.83076
0.858931
0.848316
0.408543
0.402409
0.421155
0.736031
0.626815
0.733289
1.26185
0.800429
0.518182
1.36927
1.38391
0.63515
0.455956
1.40104
1.41199
1.41199
0.426085
0.729485
0.714583
0.64256
0.760714
0.422329
0.868831
0.450517
0.46527
0.834074
0.730322
0.619731
0.572582
0.766168
0.363672
0.709653
0.815775
1.36862
1.11391
0.393612
0.754961
0.498902
0.309549
0.835394
1.22308
1.26282
0.542814
0.383259
1.08522
0.756251
1.33913
0.825403
1.00818
0.693347
0.391339
0.704899
0.619662
0.935617
1.31122
1.37555
0.528314
0.586162
0.379203
0.446417
0.406115
1.27562
0.453615
0.517155
0.420222
0.660838
0.799398
0.447879
0.7392
0.883715
0.940451
0.518503
1.39828
0.440498
0.839358
0.736246
0.485018
0.816842
1.30839
0.193131
1.44109
0.646522
0.665056
1.3086
0.760906
0.763053
1.26419
0.67092
0.564677
0.860687
0.743166
0.236038
1.13501
1.31283
0.774978
0.720521
0.834621
0.600424
0.698384
0.711128
0.607534
0.563128
1.35525
0.773862
0.801054
0.784847
0.365967
1.15221
0.727355
1.4317
0.753392
0.807371
1.30467
0.616139
0.719474
0.65942
0.762864
1.4605
1.44526
0.409995
0.413522
0.810336
0.682845
0.680174
0.742717
0.483949
0.889192
0.417478
0.872458
1.01915
0.883204
0.777176
0.746133
0.838732
0.662124
0.676982
0.789941
1.27261
0.677578
0.434222
0.718673
0.614545
0.382994
0.665344
0.738413
1.44822
0.477596
0.81825
1.4347
0.788017
0.620146
0.631232
1.49084
1.01524
0.795199
0.714869
1.31901
0.76257
0.711613
0.473193
0.455393
0.720833
0.80552
1.26963
0.69142
0.570014
0.783863
0.756223
0.515119
0.534821
0.542785
0.746388
0.485788
1.15505
0.621211
1.43193
0.785927
1.45754
0.666749
0.215318
1.01291
0.380138
0.418232
1.24443
0.362037
1.534
0.689809
1.20577
0.374916
0.849721
0.618045
0.735051
0.660849
0.439153
0.463746
0.541919
0.396479
0.47059
1.06582
0.460656
1.4624
0.80385
0.483679
0.830484
0.745016
0.638119
0.550595
0.645276
0.742666
1.40679
1.40887
0.609979
1.4799
1.4339
1.03767
0.768627
0.544364
0.647918
1.29565
0.835801
0.746288
0.686624
0.669589
0.487977
0.382046
0.707189
0.60301
0.757432
1.01575
1.38404
0.772389
0.731813
0.737841
0.742391
0.461392
0.160839
0.367288
0.515488
1.18744
1.46727
0.600248
0.72644
0.697132
0.704677
0.841296
1.38993
0.809036
1.38649
1.39479
1.30587
0.711769
1.29263
1.3445
0.658063
0.747189
0.632294
1.09135
0.449225
0.590287
0.690737
1.27454
1.32415
0.767451
1.25893
1.32963
0.509985
0.587429
1.25032
0.645731
0.409733
0.400024
0.831901
0.70716
1.43275
0.75006
1.2563
0.923545
0.686373
0.683008
0.361202
0.679391
0.407222
1.40702
0.624218
1.35334
0.639943
1.42053
0.896624
0.682566
0.376612
0.723951
0.381298
0.65773
0.668668
0.386058
1.59891
0.638578
0.554545
0.609253
0.746663
1.41324
0.692422
0.713444
1.28884
1.3227
0.720419
0.679038
0.733077
0.644368
0.289672
0.836263
0.603678
0.696707
0.398027
0.496685
0.552876
0.765356
0.691948
1.27572
1.317
0.355091
0.920791
0.945747
0.649988
0.791759
0.408856
1.22605
1.39368
0.989599
0.653931
0.409402
1.11893
0.59877
0.732327
0.446131
0.546036
0.770483
0.524054
0.488681
0.83001
0.406944
0.168344
0.760379
0.69508
0.70214
0.396095
0.598394
0.683281
0.479
0.854334
0.7612
0.907922
1.28319
1.0994
0.841721
0.681626
0.419475
0.814995
0.75735
0.659608
1.31089
1.34173
1.11809
1.24107
0.730515
0.42149
0.767583
0.782768
0.786966
1.34808
0.527478
1.0001
0.802306
0.712929
0.672718
0.771293
0.411366
0.407289
0.672995
0.364521
0.690687
0.483085
0.745116
0.771638
0.446295
0.570378
1.27017
0.774484
0.627741
0.471495
1.29257
0.231887
0.415743
0.389985
0.423804
0.808637
0.753085
1.76648
0.455423
1.54372
0.670807
0.417711
1.02026
1.20756
1.28559
1.30954
0.918078
1.60837
0.561503
0.598425
0.652764
0.713491
0.777851
0.78322
0.713077
0.708635
1.21039
0.449593
0.674546
0.565371
0.667911
0.729853
1.36684
0.788116
0.801582
0.586551
0.750577
0.833419
0.588973
0.781183
0.527623
1.35158
0.929636
0.376465
0.702941
1.37599
1.33602
0.632883
0.695524
0.806833
1.67936
0.302344
1.3069
0.806233
0.728409
0.24059
1.16069
0.739883
0.714114
0.82609
0.402731
0.725998
0.667519
0.826917
0.760032
0.669009
0.785666
0.73966
0.742097
1.03746
0.929079
1.23686
1.2303
1.14192
1.38609
0.665154
0.753362
0.754507
0.73321
0.636751
0.62111
1.25118
0.272144
0.760983
0.559445
0.615932
1.2316
0.926714
0.734616
0.776008
0.784809
1.29297
1.34963
0.436078
0.775522
1.11286
0.658599
0.70944
0.866028
0.582932
0.724538
0.772043
0.611226
0.791214
1.40069
1.4447
0.603293
1.42416
0.516944
0.64001
1.37994
0.592189
0.394005
0.715524
0.589307
0.666862
0.790643
0.425431
0.4496
0.856596
0.3828
0.408877
0.398717
0.731774
0.676958
1.28367
0.675231
1.02406
1.68572
1.68948
0.683063
0.81621
0.608735
1.27619
0.680769
0.704433
0.756158
1.32395
0.33317
0.719164
1.30137
0.700227
0.34658
0.840754
0.581086
0.499421
0.618805
0.49127
0.66544
0.910209
0.671703
0.390235
0.77417
0.555247
0.731205
0.824099
0.756462
0.620826
0.764523
0.766878
1.37067
1.37214
1.37648
0.81889
0.824287
0.75914
0.703443
0.422724
0.694684
0.726024
1.29668
1.31112
0.430402
0.445569
0.130584
0.86805
0.730931
0.607105
1.09076
0.827307
0.560632
0.678686
0.609165
0.411475
0.434889
1.25553
0.705065
0.399602
0.782225
0.792503
0.799316
0.576863
0.829964
0.692282
1.38088
0.98037
0.574609
0.825671
0.52707
1.47243
0.875969
1.34311
0.481082
1.41641
0.556607
1.21457
0.460567
0.67735
1.47222
1.20651
0.738637
0.647457
1.29272
0.715829
0.740115
0.393597
0.764961
0.537734
0.650487
0.658505
0.718873
0.720848
0.380848
0.607394
0.918806
0.557645
1.35881
0.509075
0.67311
1.597
0.813406
1.06703
0.481957
1.38421
0.718037
1.31785
0.774135
0.623086
1.40954
0.660389
0.475967
0.405465
0.499878
1.47
0.68476
0.215433
0.902969
0.625489
0.703341
0.73397
0.699435
0.742322
0.388266
0.387886
0.609652
0.759188
0.743955
0.754699
0.599522
1.25275
0.78445
0.733476
0.655949
0.734893
0.673099
0.713939
0.649145
0.44341
0.619249
0.878145
0.993054
0.775455
0.775455
0.436704
1.30785
0.733478
0.58548
0.702102
0.71649
1.36059
0.804478
0.715493
0.664383
0.692248
1.46765
1.01903
0.433536
1.42854
0.807541
1.45699
0.775305
0.693108
0.746122
0.787375
0.454837
0.798632
0.397343
1.33302
1.00498
1.34462
0.563842
1.31367
1.2666
1.31826
0.779631
0.682221
0.481855
0.831049
0.427288
0.512163
0.655609
0.814211
1.40848
0.368859
0.788474
0.399013
0.758093
1.29274
0.739882
0.703267
0.714813
0.572882
0.555094
0.403939
0.702128
0.252181
1.41599
0.438669
0.665774
0.674844
0.659375
0.808826
0.89278
1.34853
0.41771
1.25448
0.38223
0.403956
0.74456
1.35466
0.636288
0.646165
0.538739
1.33818
0.715799
0.46511
1.33036
0.681229
0.81058
0.945102
1.28277
0.708776
0.754336
0.690635
0.738237
0.655776
0.687653
0.765034
0.300775
0.403016
1.00769
0.79486
0.450039
0.595936
0.450814
1.18147
0.611481
0.625348
0.685777
0.67463
1.42594
0.626209
0.783828
1.30475
0.459895
0.818091
0.398101
0.736809
0.681864
0.324269
0.664099
0.82698
0.516963
0.733785
0.789336
0.717804
0.665467
0.793027
0.615467
0.709682
0.472817
0.435419
0.68091
0.635142
0.649552
0.810448
0.687541
0.421954
0.594793
0.825441
1.05184
0.544048
0.228635
0.654718
0.874653
1.4419
0.795038
0.69705
0.546758
1.03658
0.707767
1.29068
0.609603
0.528326
0.733412
1.29722
1.34493
0.773559
0.736128
0.732123
0.704396
0.183008
0.259671
0.709255
0.601967
0.774974
0.633938
0.392181
0.621946
1.28852
0.72609
1.30738
1.38798
1.46973
0.658356
0.838501
0.402601
1.25371
0.684889
0.879595
1.42073
0.962719
0.654539
0.744424
0.135725
0.658539
0.466705
0.419684
0.495869
0.395839
0.803795
0.657956
0.712127
0.407452
0.706513
1.195
0.840144
1.13666
0.664467
0.759485
0.644759
0.686135
0.808735
1.42281
1.4293
0.647873
0.757341
0.916338
0.447811
0.443623
0.76098
1.34676
1.28839
1.40217
0.580516
0.59823
0.800891
0.995628
0.665076
0.829587
0.814111
0.961133
0.830791
0.671477
0.494237
0.805835
0.416532
0.433531
0.417564
0.406362
1.22479
0.817635
0.838975
0.620076
1.36418
0.478297
0.745882
0.876699
0.53277
1.01538
0.67025
1.15202
1.29125
0.598901
0.75253
0.792433
0.840316
0.610088
0.827476
0.639521
0.872911
0.695785
1.32074
0.551459
0.62965
0.827266
0.559256
0.613463
0.710758
0.613346
0.579716
0.687755
0.441136
0.677649
0.415419
0.384759
0.749179
0.417545
1.34893
0.603292
0.792456
0.500414
0.772732
0.67905
0.829852
0.696874
0.52281
0.620633
1.29821
1.31771
0.893624
0.671525
0.669691
0.377205
1.30867
0.674803
0.784931
1.14475
0.581072
0.51154
1.35553
0.766568
0.776718
1.16148
0.739381
0.776618
1.16304
0.619122
0.798456
0.621522
0.552391
1.17852
0.625688
1.05264
1.33311
0.370475
0.724536
0.63989
0.711871
1.3337
0.682964
0.688254
0.833721
0.675212
0.609489
0.593643
0.684317
0.770347
0.771587
0.677259
0.634765
1.31977
0.725565
0.617047
0.551167
1.66245
0.644623
0.397404
0.715157
0.680793
0.445792
0.424476
0.679888
0.654014
0.336829
0.681224
0.831379
0.632131
0.831496
0.657489
0.759824
0.565525
0.409038
1.43814
0.949534
1.33776
1.43902
0.666584
0.587681
0.645239
0.740873
0.743768
0.766802
0.795514
0.759687
0.619835
0.748335
0.570334
0.375275
0.612417
1.32436
1.25152
0.719574
0.542862
0.545751
0.760484
0.425728
0.282737
0.658764
0.772175
0.88853
0.838461
0.358352
0.391551
1.30762
0.614223
0.747781
0.679292
0.533657
0.849892
0.863932
0.555056
0.843314
0.717624
1.4608
1.12092
1.06134
0.325479
1.36847
0.907373
0.754532
0.757945
0.519796
0.664963
0.637573
0.689986
0.703745
0.745278
0.297376
0.606035
0.60998
1.18428
0.433135
0.689343
0.725096
0.716563
0.359255
0.950247
0.784563
0.831868
0.701702
0.629448
0.702131
1.19855
0.726714
0.947488
0.778724
0.604418
0.713778
1.2645
0.648397
0.599238
1.41674
0.753142
0.354603
0.662822
0.543648
0.394345
0.745274
0.640658
1.27441
1.05388
0.768529
0.735084
0.84018
0.768696
0.445657
0.942177
1.11763
1.13085
0.765585
0.829332
0.649567
0.774671
0.782004
0.966055
0.384953
0.52721
0.527139
0.773917
0.535692
0.53576
0.57459
0.530386
0.570419
0.904435
0.728554
0.959263
1.64446
0.471633
0.710863
0.755121
0.413061
1.28711
1.28231
1.67811
0.64191
0.732606
0.772772
0.766327
0.754724
0.816189
0.756542
0.389894
0.812308
1.43538
0.651112
0.617902
1.40795
0.733596
0.676388
1.36444
1.33
0.461215
0.48293
0.625141
0.565818
0.834179
1.04942
1.32911
0.735823
1.42708
1.43577
1.43218
0.809034
0.743689
1.3517
1.43072
0.797561
0.807417
1.42471
1.3306
0.64423
0.706275
1.31666
0.708731
0.767853
0.644637
0.895078
0.309832
0.601327
0.657581
0.729482
0.613769
0.740809
0.53329
1.38904
0.913103
0.96731
0.441542
0.787683
0.706786
0.986871
0.6317
0.496468
0.620516
0.693106
0.76629
0.727572
1.36741
0.732117
1.43655
0.361054
0.465253
0.707705
0.913917
1.46676
0.868539
1.18183
0.534282
0.14951
0.582438
0.665531
0.692293
0.781945
0.755022
0.468937
0.457786
0.55696
1.34805
1.3362
0.818491
0.803041
0.48994
1.46977
0.455821
0.733697
0.655095
0.435782
0.370077
0.997279
1.25729
0.665853
0.705528
0.840698
0.850941
1.42402
0.739925
0.90277
0.805295
0.597164
0.661335
0.449526
1.22548
0.558218
1.18017
0.634351
1.22706
0.413908
0.53858
0.727849
0.448675
0.497386
0.424063
0.682326
0.80263
0.674665
0.706265
0.668374
0.715879
0.66103
1.61945
1.21882
0.581689
0.881899
0.826833
0.767464
0.639872
0.701583
0.652954
1.16148
0.743396
1.06602
0.438854
1.36341
0.657764
0.97275
0.508903
0.598224
0.666876
1.36121
0.753155
0.635482
0.628989
0.845111
0.576037
1.34516
0.678156
0.401619
0.936698
1.63894
1.43868
0.503238
0.697474
0.372158
0.701627
0.569778
0.54911
0.573135
0.816935
0.596774
0.614165
0.470556
0.550285
0.830562
0.437356
0.510213
1.27326
0.827634
0.716817
0.745173
0.789902
1.34024
0.656983
0.471164
0.686034
0.360342
0.62175
0.675669
1.31099
0.393865
0.576475
0.58648
0.781186
0.705522
0.728272
0.333424
1.06948
0.400915
0.439759
0.544844
0.88681
0.757321
0.452602
0.659827
0.404978
0.731308
0.787764
0.743229
0.883055
0.704513
0.729349
1.20258
0.365562
0.575909
0.757667
0.52365
0.846057
0.703355
0.652369
0.830687
0.718622
0.525093
1.44107
0.585493
0.769924
0.827198
0.827198
0.379129
0.445508
0.807875
1.12493
0.579153
0.606964
0.436829
0.681487
1.30585
0.613405
0.44218
0.647938
0.411573
0.80648
0.375036
1.05154
0.648261
0.604654
0.766063
0.435829
0.659917
0.72048
0.863772
0.57723
0.793521
0.526627
0.72542
1.24458
0.644406
0.547571
0.675922
0.768951
1.12441
0.407258
1.07952
0.673911
1.23157
0.53551
0.521402
1.09034
0.527462
0.834582
1.41394
1.41394
1.41858
0.364842
0.739791
0.94219
0.461902
0.724079
0.604905
0.801936
0.621086
1.06556
0.462101
1.16699
0.719027
1.38139
0.484321
1.34486
0.716249
1.13692
0.695977
0.804183
0.993202
0.48013
1.34164
0.816159
0.414087
0.741949
0.759807
0.693119
0.63286
1.33186
0.671857
1.45532
0.635696
1.37122
0.921247
0.376116
0.687741
0.768026
0.805035
0.681647
1.21026
0.655155
0.566374
1.37005
1.42219
0.396887
0.549426
0.482975
0.76804
0.48905
0.637597
1.09458
0.734293
0.749502
0.864294
0.755252
1.16483
0.480225
0.684086
0.659927
1.30769
0.483511
0.800018
0.795042
1.43084
1.1408
0.716142
0.89436
0.68312
0.676838
0.791416
0.28713
0.788592
0.739736
0.424952
1.00487
0.702433
0.596579
0.593894
0.712841
0.761303
0.462005
0.901462
0.686888
1.2054
0.442019
0.706077
0.745742
0.670876
0.743177
0.745347
0.74969
0.970891
1.36629
0.2656
0.722193
0.701777
0.470462
0.732247
0.572913
0.733446
0.692798
1.41612
1.43657
1.36251
0.755783
0.717029
0.6886
0.598511
0.944821
0.4453
0.626792
0.664821
0.619806
0.739584
0.748267
0.766255
0.765259
0.769598
0.471396
1.46212
0.710042
0.717239
0.633834
1.06795
0.769093
0.726464
0.784971
0.902051
0.866094
1.0875
0.588852
1.09657
0.815394
0.794996
0.608541
0.746568
0.798288
0.428844
0.774377
0.27488
0.391676
0.489138
1.17613
1.44238
0.640084
0.52519
0.752628
0.756766
0.653566
1.0836
0.701448
1.10717
0.884864
0.676198
0.97508
0.847871
0.375121
0.672644
0.629318
1.41359
1.47159
1.44042
0.434913
0.450442
1.45314
0.987916
0.677073
0.835353
0.997403
1.08237
0.516085
0.779769
0.466452
0.659039
0.788654
0.477323
0.694855
0.708495
1.45034
1.40529
0.776362
1.29178
1.44514
0.713412
0.656721
0.671087
0.384008
0.770046
0.713838
0.671669
0.606549
0.724882
0.68527
0.780897
1.17183
0.419091
1.19108
0.481878
0.719899
1.26599
0.699575
0.663067
0.870942
0.662876
1.33229
0.723169
0.713322
0.624185
0.585926
0.6743
1.39346
1.28904
0.846462
1.35174
0.520679
0.795808
0.790175
1.18189
0.754275
1.35717
1.32609
0.383737
1.18415
0.697324
0.766749
0.702379
0.570583
0.723012
0.350136
0.483413
1.00682
0.547887
0.536007
0.389196
1.46427
1.16802
0.658224
0.118865
1.28007
0.578459
0.673814
0.615119
0.90019
0.778111
0.356352
0.775878
0.719781
0.802093
0.818481
0.73267
0.750501
1.40537
0.60407
0.809449
0.643454
0.48502
0.364407
0.419582
0.620257
0.626868
1.38595
0.953544
0.677058
0.619581
0.586768
0.672233
0.751529
1.0224
0.755316
0.794052
0.451311
0.798553
0.422193
0.370741
0.74219
0.631199
0.757075
0.807729
0.682122
1.221
1.00689
1.13493
0.976753
0.829736
0.530111
0.428631
0.703364
0.797256
0.639976
1.10972
0.883346
0.830345
0.835887
0.637433
0.79297
0.768169
0.703049
0.600459
0.804348
1.44794
0.677981
0.369731
0.748368
0.87811
0.527565
0.674354
1.29557
1.07005
0.716425
0.748479
0.828081
0.846062
0.762781
0.682905
0.361753
0.825908
0.773583
0.786578
1.19784
0.414552
0.988585
0.697011
0.712661
0.768761
0.956703
0.689357
1.34318
1.08987
0.715345
0.719248
0.752504
0.808363
0.428709
0.728668
1.21266
0.397889
0.452834
0.614106
0.740073
1.0913
0.22262
0.678209
1.28116
0.704219
0.738772
0.949097
0.999523
0.390609
0.364852
0.734319
0.762699
0.669227
1.16282
0.590946
0.536926
0.379283
1.38321
1.38737
0.982658
0.704882
0.89848
0.400154
0.398702
0.628769
0.703661
0.812543
0.781898
0.59172
0.782926
0.575933
0.688533
0.759699
0.541521
0.676634
0.671291
1.40846
0.586244
0.594266
1.34147
0.869937
0.522151
0.460773
0.535965
0.775558
1.2471
0.768132
0.623398
0.934445
0.419741
1.2279
1.10193
0.676695
0.678464
1.33444
1.34766
0.507821
0.682053
0.607235
0.766975
0.694001
1.03321
0.621376
0.385878
0.758966
0.709812
0.803402
0.699807
1.06376
0.473603
0.805822
0.696439
0.543563
0.711988
0.61106
0.710693
0.713023
1.04524
0.851529
0.542724
0.805719
0.805368
1.43619
0.57368
0.417575
0.646634
0.742656
0.566573
0.741278
0.834704
0.577073
0.705013
0.954825
0.700247
0.691057
0.395379
0.640415
0.699597
0.680232
1.64381
0.766976
0.965887
0.677712
0.802173
0.665045
0.492558
0.673544
1.08527
0.439082
0.759479
0.801382
0.421699
0.704408
0.687231
0.389949
0.742423
0.598037
0.488125
0.662136
0.686191
0.649213
0.693246
0.612373
0.369461
0.655737
1.0343
0.461196
1.22679
0.28827
0.532296
1.25398
0.607642
0.839002
0.506953
0.432707
1.30557
0.621367
0.805638
1.12974
0.908339
0.749322
0.764291
0.594172
0.690268
0.628872
0.773769
0.806101
0.997979
0.648518
1.37835
0.403422
0.668501
0.7868
0.424534
0.434531
1.03144
0.866325
0.357035
0.43742
1.42972
0.609487
0.858722
0.818603
0.38513
0.665722
1.39553
0.761933
0.714935
0.681436
0.636497
0.462764
0.409912
0.816021
0.612771
0.735897
0.817302
0.579278
0.769943
1.22818
1.21186
1.63015
1.63736
1.64277
0.817069
0.51469
0.917531
0.651206
0.481663
0.782107
0.703249
0.809333
0.580237
0.642217
0.593026
1.3751
1.1173
0.696984
1.36817
1.05711
0.693522
0.732972
0.736509
0.723651
0.644984
0.68367
0.421401
0.890038
0.607227
0.743066
0.717589
0.467347
0.726938
0.544733
1.39324
0.665067
0.826065
0.412511
0.610398
0.728582
0.59079
0.746398
0.710947
1.28721
0.733423
0.695354
0.745645
0.758686
1.35064
0.647448
0.722674
0.74808
0.773855
0.320414
1.19009
1.18708
0.45811
0.872827
0.687206
0.553568
0.653581
0.393189
0.784694
0.665504
0.669293
0.750837
1.25406
0.972729
1.38857
0.712668
0.665909
0.958136
0.593275
0.386444
1.26422
0.635949
0.476278
1.34648
0.484544
1.46652
0.832653
0.412122
0.550146
0.707086
1.76162
0.697348
0.681171
0.828245
1.39717
0.521674
1.03536
0.708795
0.735804
1.12914
1.01057
1.33401
1.3428
1.36483
0.787684
0.884738
0.845988
0.435251
0.828142
1.25257
0.830985
0.636205
0.661406
0.584873
0.986221
1.41446
0.738922
0.570356
0.710486
0.821654
0.698282
0.712857
0.692562
0.393502
1.26317
0.65966
1.27966
0.418863
0.701744
0.424674
0.529813
0.577875
0.764247
0.961072
0.632448
0.857066
0.689594
0.446953
0.723385
0.815081
0.82446
1.7375
0.749813
0.637289
0.657692
0.839558
0.68574
0.696001
1.33182
0.453466
0.741154
0.749477
0.654872
1.64901
0.634552
0.771427
1.18657
0.777124
1.6829
0.74651
0.784797
1.25061
0.72844
0.738706
0.691285
0.583847
1.45293
0.86506
0.715381
0.801159
0.481684
0.759921
0.77881
0.663217
0.45248
0.627359
0.376019
0.825602
1.3677
0.569423
0.740468
0.759417
0.765084
1.27004
0.651115
0.451873
0.681063
0.634723
0.7202
0.786267
0.78989
0.905263
0.778961
1.60429
0.761351
0.722193
0.563564
0.707362
0.634373
0.400943
1.08538
0.764302
0.782293
0.608912
1.38385
0.689194
1.43521
1.19782
0.648701
1.36458
0.363822
1.28949
0.619431
1.21567
0.647376
0.780601
0.847197
1.41464
0.616965
0.77178
0.542298
1.3761
0.752956
0.604936
0.576667
0.743881
0.448282
0.702051
1.30447
1.13422
0.581424
0.476251
0.603549
0.785329
0.48837
0.655285
0.929434
0.662728
1.01713
0.37258
0.675366
0.977927
1.25421
0.756945
0.826575
0.743866
0.789349
0.928227
0.782308
0.605744
1.40763
0.75289
1.15663
0.816194
0.943468
0.979288
0.95718
0.761368
0.628359
0.688165
0.816369
0.519295
1.54731
1.06339
1.05267
0.220515
0.518381
0.737959
0.62338
1.46853
0.653174
1.35183
0.498954
0.45467
0.638278
0.668234
0.564011
0.486611
0.364309
0.663866
0.296071
0.775069
0.947669
0.749443
0.416682
0.669299
0.817625
0.671101
0.755727
0.730916
0.617382
0.69547
1.00618
0.638338
0.770609
1.26147
1.38677
0.82301
0.723959
1.32813
1.31394
0.484335
0.595107
1.42168
0.855027
0.759267
0.632161
0.772507
1.187
0.710147
0.622765
0.535698
1.2543
0.57532
0.467404
0.629263
0.385097
1.33426
0.912787
0.621985
0.837745
0.659055
0.671228
1.31972
0.983572
1.33419
0.85797
1.3928
0.621427
0.666893
0.848609
1.38732
0.454711
0.985949
0.710766
0.589873
0.93507
0.744535
0.660346
0.48282
0.815178
0.58755
1.42233
0.609925
1.03267
0.552734
0.803844
0.422743
0.730192
0.645645
1.14775
0.61039
1.36492
0.673712
0.679032
1.45613
1.08997
0.489585
0.59704
0.704994
0.717524
0.398348
0.444651
0.753616
0.81199
0.489836
0.491132
0.711993
0.743305
0.868252
1.04453
1.37459
1.37459
0.73611
0.706856
0.679134
0.104408
0.625607
0.723256
0.730165
0.81654
0.697193
0.621361
0.609165
0.388504
0.822457
1.39742
1.29331
0.806743
0.753151
0.601243
0.401784
0.687274
0.594288
0.362384
0.714605
0.663873
1.29692
1.39927
1.27828
1.26748
1.33657
1.06482
0.596641
1.00947
0.398876
0.651527
0.882127
0.432132
0.732481
0.681655
0.699988
0.934346
0.539974
1.08595
1.20991
0.807698
0.603552
0.983749
0.752262
0.812254
1.34755
0.381334
1.34258
0.718466
0.672544
0.44165
1.33284
0.663906
0.427576
0.5642
1.2872
0.672901
0.751677
0.755893
0.76683
1.03006
0.731092
1.1991
1.12021
1.28065
1.18225
1.38344
0.65376
0.783434
1.3032
0.589085
0.607473
0.595602
0.771151
1.22647
0.748976
0.830815
0.621525
1.21107
1.18234
1.28231
0.562336
0.820994
0.707001
0.595159
0.75551
0.502355
0.472583
0.71138
1.37966
0.644749
0.688484
0.726588
0.733894
0.438266
0.707993
0.608257
0.509924
0.705001
0.489714
0.752952
0.755792
0.72356
0.129567
0.795123
0.611449
0.700731
0.896131
0.69822
1.40177
0.684154
1.34603
0.614543
0.982527
0.692325
1.42564
0.840448
0.266586
0.774199
1.32528
0.729027
0.690851
1.34495
0.833374
1.72858
0.444577
0.903028
0.628999
0.720793
0.339994
1.02301
0.372442
0.70661
0.808462
0.745876
0.703868
1.13351
1.31838
0.482029
0.82691
0.361328
1.28652
0.408153
1.36806
0.421661
0.441189
0.720265
1.20815
1.15144
0.682522
0.687622
1.13107
1.13873
0.584603
1.37112
0.833666
0.60914
0.548056
1.3646
1.0638
1.06484
0.610423
0.461686
0.417355
0.941431
0.513202
0.6044
0.719824
0.754661
0.375871
0.407296
1.05306
0.793932
0.656745
1.43287
0.853878
0.658352
0.9268
0.435607
0.549992
0.695632
1.41734
0.585004
0.86589
0.431162
0.400658
0.647701
0.586876
0.766858
0.554045
0.700112
1.33134
0.452093
0.602092
0.839966
0.57888
0.372526
0.544347
1.01005
0.475107
0.425707
0.723152
0.994929
0.127853
1.38543
0.453399
0.787179
0.576926
0.376801
0.571356
0.741164
1.04725
0.756715
0.514148
0.736214
0.712384
0.682338
0.612582
0.822378
0.890896
0.63551
0.659997
0.983455
0.646639
0.737907
0.594706
0.766455
0.692918
0.6443
0.659336
0.63331
0.839963
0.824039
1.215
0.79436
1.14561
0.81842
0.815632
0.497455
0.737789
0.640393
0.744452
0.744159
0.448751
0.323188
0.705475
1.02559
0.595649
0.752227
0.819367
0.744922
1.43221
0.689969
0.627677
0.689419
0.427175
0.602244
0.602341
0.955995
0.79402
0.724013
1.01165
0.840898
1.24819
0.107962
0.717653
1.39732
1.31326
0.712862
0.370756
0.649713
0.333627
0.576146
0.665699
1.33301
0.364242
1.01344
0.674323
0.851257
1.19271
0.481103
0.731232
0.67651
0.455694
0.488955
0.7541
0.660138
0.650147
0.699611
0.64564
0.636187
0.671883
0.466864
1.3623
1.0145
0.526727
0.43434
0.76011
0.973352
1.47102
0.795185
0.963615
0.800726
1.38128
0.678167
1.186
0.425232
0.359648
1.08903
0.794826
1.4628
0.438398
0.580144
0.668908
0.121546
0.513707
0.708082
0.426
0.71421
0.516831
0.395929
1.33401
0.747624
0.534488
0.666291
0.742886
0.747406
0.616199
1.18057
0.653881
0.474585
0.534405
1.08983
0.482882
0.641579
0.742902
0.448601
0.755509
0.981576
0.524752
1.42408
1.70442
0.428746
0.77133
0.615921
0.754511
0.667783
1.44419
0.387188
1.01426
0.661131
0.904651
0.778826
0.74464
1.41828
0.396461
0.690117
0.790093
0.786099
0.852933
1.14303
0.580141
1.10045
0.683311
0.867061
1.46384
0.63643
0.198171
0.750285
0.712276
0.676298
0.41694
0.697344
0.674752
0.749847
1.36559
1.36254
1.4643
1.32319
0.80283
0.389144
0.624368
1.36942
0.446625
0.892748
0.743811
0.363944
0.743264
0.630421
0.722591
0.11245
0.829972
1.36004
0.734442
0.888749
0.721362
0.773042
0.680706
0.647468
0.660235
0.625273
0.377709
0.67094
1.15701
0.834508
1.30013
1.44825
1.07769
0.514664
0.742532
0.72207
0.463671
1.32267
0.750538
0.437313
0.631852
0.742268
0.809578
0.70067
0.575585
0.616329
0.639588
1.1277
0.914597
0.723826
1.21094
0.39214
0.511921
0.808467
0.713761
0.770103
0.66591
0.631311
0.734154
0.801744
0.761727
1.3409
0.66674
1.16008
0.39221
0.806911
0.652777
0.687877
0.620261
0.687164
0.583995
0.588671
0.560638
0.698238
0.963435
0.629838
0.679436
0.356377
1.30625
0.634901
0.813281
0.991297
0.6553
0.535769
0.854823
1.43877
0.501119
0.582623
1.23161
0.513912
0.431481
0.677086
0.67891
0.588329
0.941807
0.777766
0.430475
1.30716
0.691595
0.782195
0.802013
0.813285
1.29668
0.83992
1.22035
0.795137
0.804938
0.766511
0.763681
1.2132
1.01384
0.729869
0.599197
1.32658
0.718465
0.652142
1.37391
1.46763
0.745872
0.73042
0.763546
0.717647
1.18569
0.725562
1.03908
0.461129
0.785266
0.791069
0.772991
1.20696
0.602403
0.508153
0.885317
1.43423
0.941015
0.598003
0.554627
0.691552
0.650604
0.856672
1.33596
0.782786
0.492104
0.857149
0.710036
0.493495
0.91275
0.679471
1.46406
0.457639
0.419473
0.82827
0.740481
1.29742
0.791649
1.07256
0.740577
0.748099
0.615376
0.703382
0.690111
0.636498
0.627859
0.636719
0.936938
0.722088
0.602027
1.28625
0.915497
0.806341
1.31313
0.639975
0.933771
0.77266
0.704413
1.44218
1.37464
0.737977
1.14349
0.833143
0.730187
0.503258
1.29518
0.455806
1.00723
0.776574
1.06808
0.516972
0.695694
1.43443
0.58418
0.861085
0.214641
0.654981
0.434915
1.35235
1.36681
1.0712
1.12466
0.918972
0.843423
0.75583
0.715506
0.692037
0.438221
0.68679
0.614087
1.4194
0.715242
0.808716
0.66973
1.1963
0.690792
0.654504
0.254976
0.846575
1.14299
0.478718
0.799726
0.726171
0.699669
0.836424
0.573234
1.19258
0.803938
0.620787
1.28609
0.794842
1.22819
1.12638
0.953628
0.416785
1.37336
0.602483
0.425168
0.864306
0.814072
0.625103
0.483281
0.660578
0.699565
0.795578
0.44795
0.711611
0.830966
0.798443
0.694136
0.727115
1.25995
0.519026
0.774568
0.845452
1.40283
1.37623
0.700464
0.382994
0.761435
0.686751
0.7584
1.13983
0.614707
0.805113
1.32173
0.444574
0.407822
0.568121
0.686369
0.786018
0.744077
0.584073
0.741812
0.405015
0.645238
0.673438
1.4464
0.687219
0.538834
0.439925
0.764045
0.672887
1.29651
0.437639
0.633636
0.763062
0.573424
0.930181
0.442941
0.681172
0.686437
0.575487
1.39159
0.673043
0.537574
0.95739
1.33807
0.815148
1.29306
0.701271
0.75676
0.703614
1.29069
0.459655
0.646554
0.486225
0.629296
0.683953
0.47901
0.701287
0.371493
1.26
0.384672
0.67906
0.640558
0.17211
0.403124
0.584974
0.399959
0.564462
0.631675
0.453612
0.573973
0.520869
0.633087
0.642442
0.495743
0.62861
0.505936
0.716761
0.591378
0.717448
1.18093
0.758215
0.873613
0.560553
0.767707
0.674578
1.29491
0.514929
1.35171
0.755493
0.746003
1.18242
0.448302
0.829086
0.621254
0.648777
1.2226
1.30132
0.776056
0.789517
0.412694
0.632786
0.422003
0.633288
0.753036
1.30541
0.82931
0.735337
0.67506
0.52557
0.952813
0.754499
0.473021
0.783177
0.689079
1.26685
0.409898
0.550417
0.768579
0.77495
0.73514
0.273785
1.32973
1.33246
0.844296
0.806502
0.819147
0.827637
0.807595
0.404221
0.983027
0.305827
0.798709
0.82588
0.624339
0.70915
1.31546
0.534646
0.788479
0.61325
0.49013
0.769605
0.826722
0.587781
0.665009
0.453172
0.819254
0.483063
0.521783
0.732481
0.687643
0.770297
0.892474
0.607822
0.693394
0.607877
0.702477
0.493948
0.564546
1.29755
1.29861
0.784431
0.274385
1.35187
0.469613
0.788443
1.3439
1.28142
1.29174
0.413881
0.601934
0.625344
0.528684
0.364693
0.94064
0.822032
0.67556
1.53906
1.16871
0.462968
0.390751
0.475908
0.715517
0.632216
0.797568
0.412788
0.67856
0.93239
0.508741
1.25186
0.758757
0.474462
0.418769
1.04987
0.876046
0.62238
0.873278
0.920058
0.503044
0.4058
0.722183
0.44358
0.834448
0.640597
0.814823
0.442075
0.383698
0.596211
1.38354
1.3115
0.619792
0.821885
0.512272
1.10361
0.372003
0.831495
0.711727
0.738372
0.733075
0.639488
0.638509
0.865319
1.44725
1.34868
0.726424
0.597429
0.477238
0.748661
1.38771
0.743336
0.89117
1.38959
0.673615
0.765494
0.680667
0.744526
0.607257
0.749515
0.25036
0.406273
1.16556
0.830871
1.24121
1.01806
0.977191
0.517332
1.31813
0.701231
1.4111
0.615197
1.34626
0.688156
0.738326
0.536433
0.360506
0.5106
0.581657
0.587813
1.29569
0.388935
1.01932
0.682044
0.798038
0.76318
1.05093
1.42756
0.846272
0.80638
0.663759
1.13719
1.19908
1.24908
0.680635
0.399628
0.683588
1.36254
0.818109
0.436051
0.83103
0.836506
0.684211
0.773776
0.458765
0.971852
1.3938
1.09913
1.23108
0.739087
0.480825
0.374411
0.50248
0.628798
0.543548
1.19038
1.19038
0.432624
0.477353
0.760532
1.0044
0.792935
0.599274
1.1078
0.594033
0.683188
0.462197
0.686565
0.902713
0.902346
0.688014
1.3792
0.719175
0.730881
0.541111
0.788827
0.842502
0.487768
0.560466
1.37387
0.626571
0.602564
0.625289
0.748057
0.659533
0.953804
0.674572
0.929671
1.03529
0.758689
0.744747
0.397363
0.595579
0.589825
0.83519
0.632063
0.671917
0.678923
0.740979
0.57379
0.633171
0.709594
0.446189
1.20139
0.719263
1.3804
0.73512
0.749414
0.65429
0.574105
0.695313
0.695138
0.823864
0.630461
0.412604
0.584882
0.402368
0.748003
0.769923
0.389333
0.535789
0.754901
1.32319
1.14954
0.799046
0.748103
0.73301
0.581892
0.716088
0.557067
0.53535
0.776799
0.291809
0.885414
0.66108
0.456931
0.739799
0.863505
1.34594
0.796586
1.44081
0.543852
0.6313
0.721705
0.410539
0.392598
0.705632
0.710099
0.490496
0.859135
0.725897
0.618277
0.387346
1.3901
0.733288
1.37292
0.596691
1.25518
0.846755
0.596393
0.646611
0.523352
0.751802
0.615785
0.545181
1.47229
0.923043
1.32128
0.767304
0.787497
0.711347
0.861404
0.621622
0.417833
0.998714
0.508692
1.32959
0.664869
0.703632
0.687189
0.440516
0.697528
0.524576
0.913826
0.367325
1.42279
1.27978
0.484395
0.683075
0.716725
0.797307
0.742335
1.28125
0.731434
0.713533
0.790634
0.492793
0.675766
0.63575
0.634907
1.0521
0.38961
0.803803
0.374882
0.312308
0.390291
1.3163
0.745318
1.39048
0.654612
0.824161
0.578147
0.660706
0.774963
0.768299
0.609864
0.702447
0.644692
0.646089
0.617224
0.508788
0.596326
0.716129
1.39948
0.727666
0.729609
0.460882
0.671469
0.460759
0.614864
0.635957
0.675087
0.943373
0.725576
0.188947
0.84799
1.14848
1.21164
0.903116
0.627068
0.655717
0.827516
0.401452
0.786122
1.46587
0.776251
0.801954
0.361832
0.917913
0.511361
0.416703
0.669166
0.703237
0.759461
0.661993
0.189484
0.720033
0.721012
0.440485
0.70901
0.74299
0.803949
0.805806
0.805806
1.2262
0.761549
0.754134
0.333455
0.612052
0.594517
0.681122
1.16817
0.513092
0.568125
0.637193
1.22549
0.44048
0.85531
0.585008
0.522756
0.643605
0.393765
0.628181
0.555639
0.483689
0.463376
1.65691
0.625078
0.643329
0.66929
1.13079
0.722414
0.456013
0.423256
0.719957
0.548289
0.693518
1.40722
0.375359
0.66222
0.397004
1.34702
1.39053
0.50298
0.747652
0.437535
1.23785
0.660184
0.758275
0.670675
1.41134
0.857456
0.796889
1.29305
0.631872
0.643794
0.473461
0.75586
1.46198
1.2973
0.900679
0.442696
0.701812
0.455895
1.65547
0.58533
0.767911
0.512011
0.751679
0.491604
0.762839
0.681763
1.37288
0.476259
0.717602
1.24287
1.00402
0.638243
0.724661
0.449566
0.468207
0.629092
0.749587
0.897945
0.396242
0.730121
0.590494
1.43492
0.461634
0.433791
1.46103
0.599614
0.657009
0.720701
0.459231
0.671328
0.517679
0.349595
1.42767
0.595533
0.802218
1.31172
1.43593
0.61786
1.20086
0.788947
1.27505
1.28145
0.777265
0.887484
0.64719
0.67568
0.466017
0.49867
0.48622
0.842902
1.06789
0.689817
0.777134
0.495909
0.782733
0.38119
1.37729
0.251726
1.19611
1.25025
0.442236
0.389546
0.708662
0.816144
1.28659
0.777803
0.945673
0.37469
0.647144
0.454701
0.732302
0.687812
1.07369
0.5943
0.464158
0.495471
0.64033
0.567078
0.507761
1.38651
0.93109
1.27342
0.901827
1.44137
0.562644
0.809079
0.630232
0.430267
0.928741
0.812875
1.37087
0.71836
0.728657
0.630941
0.83131
0.834898
0.615719
0.778289
0.627014
0.55319
0.835912
0.740959
0.834908
0.753945
0.804263
0.798004
1.34775
0.554069
0.773157
0.487171
0.781542
0.425353
0.641259
1.24429
0.765266
0.454085
0.51037
0.378043
1.33378
0.710461
0.690757
1.28822
1.44719
1.3752
0.436004
0.637192
0.476379
0.928286
0.613564
0.481422
0.804022
1.23425
0.596723
0.10366
0.104834
1.34293
1.32105
0.624353
1.30517
0.502397
0.813138
0.690814
0.627867
0.689969
0.731059
0.760465
1.33444
0.395185
0.674084
0.957082
0.652877
0.390913
1.31631
0.637033
0.747735
0.657721
0.789958
1.353
0.966168
1.25907
0.394192
1.38907
0.567694
0.70318
1.25194
0.37861
0.965703
0.628562
0.679419
0.807517
0.66959
0.688954
0.583886
0.775508
0.774729
0.716302
0.73683
0.650701
0.80101
0.671776
1.04298
0.731712
0.773702
1.20729
0.727429
0.398286
0.705327
0.693318
0.638712
0.700547
1.34503
0.475808
0.755774
0.882845
0.149162
0.584458
0.620596
0.64148
0.717885
0.672257
0.635126
0.415345
1.37127
0.657205
0.337845
0.885554
0.791936
0.523297
0.396403
0.670351
1.3962
0.691001
0.781526
0.736754
0.766837
0.499142
0.470891
0.468371
0.508121
0.489949
0.494834
0.759495
0.737803
0.918278
1.24364
0.752311
0.373711
0.516232
0.536482
0.70531
0.571934
0.824776
1.17693
0.627482
0.776538
0.598939
0.675533
0.619378
0.461905
0.791091
0.619168
0.812787
0.864833
0.382341
1.27386
0.639942
0.557201
0.710785
1.32897
0.448194
0.652336
0.544618
0.97771
0.36392
1.3305
1.40757
0.78093
1.2991
0.694714
0.497451
1.4271
0.702288
0.727173
0.740722
1.222
0.812273
0.7173
0.638562
0.494244
0.92668
0.443759
0.536615
0.488232
0.90326
0.420189
0.64813
0.861486
0.602605
0.621574
0.567673
0.548185
0.796177
0.440777
0.651816
1.46473
0.797625
0.35069
0.604588
0.806269
0.4133
1.31477
0.751353
1.32017
0.771382
0.673429
0.672476
0.450827
1.24203
1.31109
0.690475
0.461587
1.16646
0.450141
0.472889
0.429832
0.764084
0.556855
0.558618
0.629528
0.565912
1.02918
0.645486
0.720337
0.732967
0.591142
0.46041
0.786884
0.660592
0.836133
0.533888
0.695727
0.746683
0.613005
1.39619
1.40215
0.667855
0.699376
0.783709
0.783557
0.396893
0.690493
0.655014
0.411942
0.775624
0.73662
1.11345
0.791104
0.579896
0.775549
0.631718
0.700543
1.29131
1.38405
0.63479
0.694612
1.09268
0.805066
0.631319
0.519388
0.717542
0.698715
0.569573
0.412958
1.42764
0.74537
0.8624
0.41113
0.791756
0.609567
0.70742
1.31926
0.678533
0.559146
0.632575
0.780848
1.23841
1.47039
0.963131
0.627523
0.836542
1.3126
1.37413
0.685344
1.03144
0.503742
0.733833
0.75744
0.505723
0.736577
0.914146
0.543183
1.10313
0.511785
0.629183
0.482674
0.816975
0.681724
0.403411
1.18081
0.357233
0.660109
0.891083
0.387187
0.372443
1.28729
0.634979
0.467067
0.471609
0.527913
0.812302
0.431871
0.900807
1.22733
1.35959
0.4742
0.822744
0.724754
0.614919
0.599764
1.29412
0.807715
1.16556
0.866151
0.535517
0.56431
0.713725
1.37227
0.687933
1.02479
0.760436
0.811283
1.2877
0.516251
0.737215
0.918798
0.828615
0.714901
0.661969
0.92681
0.398159
1.08324
1.28671
0.684854
0.6919
0.675068
0.752195
0.810584
0.955565
0.555499
0.718438
0.80996
0.806651
0.695361
0.75887
0.582104
0.641567
0.682799
0.563548
0.64925
0.44668
0.627999
0.454918
0.657945
0.425964
0.704916
0.721878
0.654761
0.884853
0.687605
0.584183
1.17146
0.618942
0.865552
0.55383
0.65075
0.367132
0.965853
0.617655
0.879377
1.3247
0.396097
0.396896
0.765528
0.716923
0.688675
0.755618
0.778082
0.88568
0.410119
0.720704
0.572631
0.782802
1.36211
1.32019
0.648503
0.723046
0.613814
1.28201
0.468268
0.669171
0.766636
0.792003
0.650897
0.550241
0.760629
0.77382
0.621216
0.719645
0.755041
1.23628
0.677135
0.740445
1.15201
0.36309
0.703088
0.596609
0.693901
0.534962
1.19482
0.845228
0.618395
0.783136
0.623693
0.629981
0.616388
0.544728
0.718023
0.719164
0.802775
1.34048
0.536131
0.479598
1.40332
0.883793
0.588145
0.590957
0.90028
0.665226
0.990449
0.430513
0.5707
0.694259
0.742211
0.616072
1.24373
0.695471
0.685666
0.513227
0.747937
0.541811
1.411
0.674086
0.789211
0.437093
0.866092
0.62258
0.714442
1.21331
0.609917
0.791806
0.595598
0.578895
0.732156
0.74358
0.802121
0.813832
1.21879
0.750724
0.671501
0.509235
0.454127
0.580545
1.45246
0.381811
0.799112
0.769367
0.377563
0.522782
0.783443
0.783443
1.35055
0.778284
0.574803
0.748548
0.606139
0.377347
1.22744
1.24069
1.02223
0.554936
0.663261
0.595419
0.640287
0.62814
1.43249
1.43955
1.4577
0.718786
1.0222
0.816244
0.785116
0.602919
0.67757
0.699543
1.14543
0.794219
0.467167
0.802627
0.684673
0.813334
0.594344
0.658722
1.27641
0.576877
0.434401
0.884413
0.729124
0.734453
0.431801
0.455052
0.759144
0.730947
1.42047
0.539136
1.40119
0.619345
0.980078
0.768259
0.6057
0.388568
0.899213
0.721726
1.08363
1.23144
0.482975
0.708084
0.723473
0.82951
0.717529
1.11455
1.44978
0.738799
0.441768
0.888409
1.40061
0.552641
0.486474
1.41893
1.42712
1.43372
0.769559
1.35099
1.36111
0.523988
0.763827
0.403727
1.29094
0.584984
0.759466
0.897886
0.598456
1.39274
0.802854
1.77542
0.415745
0.317255
0.878304
0.663917
0.856514
0.639309
1.31029
0.614171
0.423246
0.466829
0.418183
0.636845
0.747848
0.752268
0.738805
1.35272
0.770545
1.21226
1.24849
0.801154
1.00956
0.837409
0.399529
1.17031
0.615249
1.31053
0.827726
0.289535
0.498707
0.789766
0.718917
0.700679
0.914504
0.615074
0.696028
0.409191
0.774209
0.649775
0.67664
0.64331
0.779289
0.965255
1.17925
0.722121
0.920694
0.730968
0.780723
1.3501
0.660217
0.382834
0.663281
0.626111
0.626559
0.607436
1.14154
0.610965
0.607355
0.801664
0.80608
0.641088
0.137395
0.403916
1.28953
1.46304
1.02187
0.521556
0.573557
0.379262
0.830719
0.838433
0.772935
0.494416
1.04971
0.667861
1.36728
1.29209
0.420248
0.675655
0.607991
0.640009
1.42346
1.01065
0.674883
0.688759
0.789444
0.330792
0.607622
0.804011
1.04636
1.31586
0.781406
0.815484
1.14846
1.08319
0.478238
0.756733
0.881851
1.31796
1.19463
1.20251
0.628156
0.80775
0.711877
0.765955
1.392
1.32605
0.799308
0.455656
1.22049
0.701787
0.645976
0.463872
0.445383
1.31525
0.760217
0.781316
0.757595
0.709061
0.516442
0.46799
0.520674
0.572536
0.942625
1.23471
0.521687
0.759483
0.626738
1.40309
0.519125
0.643714
0.620318
0.815479
0.802931
0.496472
0.635312
0.692907
0.679882
0.913854
0.593746
0.708882
0.575692
0.620163
0.766112
0.623175
1.13339
0.745784
0.432177
1.28723
0.755487
0.744889
1.2514
0.709797
1.33104
0.919306
0.664725
0.660205
1.3377
0.424651
0.690244
0.695557
0.445436
0.564006
0.740477
0.787715
0.782291
0.76325
1.33366
0.730116
0.774258
1.26135
0.6117
0.671428
0.668794
1.12333
0.514715
1.17024
1.30395
0.344516
0.619983
1.3551
0.56447
0.561329
0.67653
0.814058
0.826325
0.83336
0.765094
1.3229
0.697754
0.384429
0.737586
0.71654
0.415603
1.38207
0.366095
0.394544
0.428302
0.66787
0.822121
0.96815
0.473721
0.966996
0.749725
0.699858
0.45366
0.747621
0.541239
0.64415
0.475002
0.52555
0.58198
1.35867
1.27303
1.38154
1.39695
0.96257
0.690251
0.370656
0.81938
0.73729
0.712659
0.794865
1.03426
0.756911
0.389526
0.607431
0.39576
1.15736
0.746613
0.692787
0.701837
0.766507
0.783999
1.11627
0.593831
0.931038
0.620779
0.785053
0.937606
0.575577
0.828837
0.741376
0.416836
0.663176
0.773126
0.658706
0.678898
0.813235
1.24205
0.80058
0.767624
1.4255
1.40569
0.362884
1.35143
0.538823
0.680346
0.674284
1.28345
0.835004
1.42967
0.249947
0.258129
0.641871
0.771194
0.668611
1.2995
0.859515
0.474927
0.742861
1.02448
0.399682
0.497071
0.721019
1.19807
0.747926
1.29724
0.820006
1.32186
0.984978
0.588054
0.456979
1.33635
1.14065
1.29667
0.656362
0.388413
0.4014
0.716286
0.45016
0.535155
0.780382
0.718106
0.793933
0.365359
0.705053
1.2267
0.633339
0.739193
0.480758
0.639379
0.533479
0.693855
0.75476
1.1978
0.803206
0.916947
0.705178
0.633309
0.811179
0.636148
0.808054
0.421285
0.145366
0.627894
0.57199
0.391701
1.43733
0.568668
0.732541
0.822062
0.527914
1.34689
0.724042
1.34726
0.690568
0.576579
0.648213
0.928533
0.582417
0.696221
0.794362
0.788613
0.606765
0.593272
0.523404
0.742094
0.613203
0.373712
0.634695
0.29089
0.547972
1.12149
0.820226
0.742628
0.594048
0.717961
0.971485
1.38577
0.756525
0.515193
0.70583
0.737815
0.165808
0.965283
0.77373
0.610697
0.825529
0.708432
0.69811
1.34229
0.743571
0.765704
1.29426
1.30549
0.990684
0.424376
1.27563
0.788774
1.17929
0.746899
0.739377
0.796447
0.698223
0.680214
0.662091
0.788102
0.833032
0.795879
1.13407
1.15085
0.906301
0.654732
0.81832
0.400988
0.45793
0.790441
0.384362
1.09746
0.659917
0.691418
0.69769
0.730184
0.736636
1.34932
0.54201
0.700136
0.645699
0.762555
0.720866
0.472844
0.419514
0.166435
0.601778
0.733632
0.621186
0.486365
1.07427
0.504096
0.535291
0.733598
0.68972
1.41554
0.774873
0.74533
0.72885
0.5955
1.20924
0.681978
0.499279
0.625841
0.803615
0.501801
0.65769
0.4599
1.29744
1.29745
0.622286
0.540531
0.718635
0.378879
1.34787
1.38718
0.521946
1.36211
0.739842
0.733147
0.783459
0.667955
0.429135
0.369677
1.18037
0.381858
0.668312
0.764805
0.611019
1.02737
1.72932
0.974727
0.705189
1.39607
0.741103
0.821016
0.450044
0.513543
1.34265
0.51386
0.534063
0.726143
0.684481
0.844561
0.807519
1.446
0.368419
0.749358
1.43599
1.28955
0.675213
0.731435
0.798106
0.612642
0.526264
0.854088
0.809203
0.690814
0.766821
0.791412
0.794347
0.756723
0.528425
0.464997
0.735817
0.682425
0.72731
0.79932
0.306996
0.311188
0.693855
0.46446
0.595217
0.765872
0.670854
0.50916
0.595347
0.697397
0.731499
1.33237
1.22286
0.407221
1.22149
0.27137
1.31495
0.825712
1.00502
0.600013
1.00223
0.408724
0.594319
0.767481
0.784834
0.645562
1.26808
1.40955
1.41356
1.44903
1.45205
0.748911
0.768268
0.590582
0.396484
0.524667
0.620855
0.822332
0.790211
0.621068
0.683262
0.1491
0.566054
0.798789
1.28393
0.420094
0.931654
0.595832
1.38445
0.708492
0.721034
0.765597
0.691425
0.664482
0.801052
0.674613
0.72119
1.19823
0.760848
1.16377
1.18052
0.748707
0.699938
0.915566
1.45034
0.63824
0.768047
0.716478
0.733824
0.752196
1.01632
1.02504
0.733142
0.707784
0.815832
0.586404
1.20112
0.830883
0.979889
0.655322
0.5993
0.73545
0.395637
0.799263
0.46012
0.688214
0.673308
0.407439
1.41209
1.33309
0.96454
0.757912
0.67061
1.72776
0.525576
0.390912
0.408911
0.459716
0.800435
0.643403
1.03624
0.771423
0.74901
0.496757
0.529605
0.949932
0.6931
0.904318
0.359374
0.427243
0.627612
0.619395
0.712158
0.713911
0.367977
1.44029
0.730723
0.904316
0.676083
0.456498
0.645283
0.813382
0.70892
0.587623
0.657512
0.681458
0.821023
1.22123
1.25416
0.957788
0.548023
0.755124
0.749143
0.695582
0.41941
0.470191
0.477149
0.806598
0.617772
0.442455
0.681898
0.628627
0.731857
0.749466
0.406523
0.546116
0.338679
0.594321
1.44517
0.356621
0.592936
0.729446
0.612647
0.793742
1.10171
0.806436
1.02266
0.457938
0.651021
1.44494
0.638988
0.456009
0.512178
0.74649
0.176208
0.178486
1.33759
0.719044
0.754922
0.673766
0.808647
0.77936
0.759036
0.75593
1.06153
0.681106
0.696526
0.611824
0.8222
0.494512
0.372538
0.92068
0.590754
0.816283
1.11131
0.664757
0.230263
0.355827
0.469177
1.30687
0.46508
0.383471
1.32553
0.803102
0.414327
0.733361
1.3235
0.595268
0.446229
0.763898
0.421658
1.37665
1.3054
0.424052
0.894291
1.4414
1.40416
0.786821
0.631947
0.729292
0.699931
0.551441
0.59635
0.742631
0.820851
0.712119
0.712551
0.689839
0.722419
0.406047
0.787047
0.791979
0.469445
0.731685
0.736285
0.740583
0.729896
0.372901
0.586615
0.411357
0.619428
0.736741
1.12132
1.208
0.578631
0.718308
0.828295
0.801091
0.5513
0.551346
1.0991
0.823261
0.362836
1.38016
0.677935
1.1956
0.715339
0.744651
0.800252
0.585041
0.79875
1.01558
0.707164
0.807933
0.689916
0.744533
1.1028
0.589169
1.26472
1.2428
0.66463
0.739917
1.17183
0.492029
0.450154
0.734264
0.642428
1.06773
0.718982
0.776029
0.712136
0.484223
1.3302
0.729875
1.36878
1.13115
0.181242
0.854431
0.67398
1.43926
0.785815
0.464521
1.17845
0.699616
0.746604
1.29094
0.801301
0.593177
0.413357
0.675604
0.708057
0.699217
0.536671
0.789038
0.443576
0.686371
0.654624
0.865953
0.451986
0.833122
0.567539
1.36448
0.900869
0.292684
1.28922
0.565192
0.601487
0.786801
0.638032
0.378159
0.3666
0.715374
0.576227
1.3411
0.461261
0.376628
1.35045
0.981405
0.585415
0.434175
0.780466
0.943584
0.709213
1.3221
1.35725
0.632241
0.668448
0.606218
0.535245
0.395496
0.580719
1.42916
1.15226
1.4159
0.781987
0.529345
1.35607
0.475338
0.700151
1.24656
1.24267
1.68751
0.677197
0.421908
0.965134
0.311886
0.599848
0.321941
0.699553
0.621986
1.44543
0.780776
0.429459
0.894282
0.402663
0.502164
0.65731
1.35934
0.822031
0.629794
0.609436
0.767058
1.32943
1.37518
0.757865
1.38829
0.438866
0.813323
0.715705
0.595037
0.832489
0.675921
0.513299
0.583366
0.699083
1.31916
0.816139
0.92302
0.768669
0.712341
0.897218
0.710626
0.741199
1.34164
0.484285
0.629731
0.684946
0.520434
0.710129
0.700538
0.817975
0.668861
0.483663
0.430884
0.657946
0.631358
0.727177
1.3684
0.64595
1.36278
0.697544
0.805033
0.706725
0.435075
0.746329
1.00531
0.419662
0.564406
0.40064
0.881618
0.520946
0.692702
0.724799
0.686523
0.545802
0.476142
1.42128
0.172549
0.670753
0.666004
0.650144
0.652743
1.04404
0.661559
0.450181
0.704033
0.615918
0.402716
0.419147
0.427515
0.759687
0.726461
0.731308
0.756245
0.756866
0.652299
0.503955
0.673207
1.3531
1.31061
0.731292
0.738059
1.51799
0.513309
0.862789
0.722321
0.55545
0.69003
0.465289
0.703736
0.733686
0.638482
0.858528
0.971013
1.2354
0.606869
0.629669
0.542738
0.507943
1.35727
1.08109
1.72142
0.853907
1.32722
0.509106
0.642403
0.717818
0.936508
0.69993
0.60606
0.606546
0.642501
0.818809
0.795346
0.855743
0.479431
0.741688
0.504318
0.588967
0.826927
0.800182
0.684802
0.630493
0.764149
1.33272
0.748439
1.76014
0.433733
0.693272
0.530457
1.37748
0.746613
0.130281
0.783765
0.762336
0.648279
0.753197
0.980486
0.907706
0.772432
1.14181
0.687078
0.741251
0.77676
1.12161
0.678671
0.656363
0.840048
0.662433
0.631421
0.936316
0.940864
1.41663
1.1917
1.19619
0.453493
0.810296
0.709116
0.350655
0.839062
0.625623
0.429527
0.450936
0.764655
0.673202
0.704354
0.691387
0.63644
0.795853
0.654984
0.565117
0.635747
0.635248
0.777532
0.975088
0.625631
1.34818
0.777019
1.0362
1.37718
0.769027
0.673521
0.53248
0.715471
0.515104
0.766522
0.52914
0.602404
0.827552
0.769869
1.22398
0.53722
0.839507
0.690299
0.447418
0.762166
0.399102
0.747777
0.519807
1.28743
1.31646
0.249244
0.778181
0.540821
0.575352
1.15143
0.646355
0.66372
0.80824
0.91
0.638651
0.809137
0.64577
0.692689
0.825998
0.618121
0.59076
0.468461
0.490609
0.644441
0.565794
1.2816
0.736951
0.623443
0.733422
0.208647
0.724298
0.705729
0.688053
0.5048
0.662948
0.577959
1.03292
0.800776
0.460998
0.779905
0.841472
0.647038
0.66907
0.476492
0.704841
0.994836
0.723712
0.771454
1.10595
0.914705
0.819573
0.646976
0.792036
0.60575
0.811332
0.81568
0.624063
0.59421
1.32591
1.46352
0.462956
1.25479
1.05086
0.402137
0.519133
0.700647
1.11778
0.72757
0.729384
0.75085
0.856534
0.734733
0.7888
0.705253
0.661052
0.69529
0.698294
0.536754
0.66339
0.790125
0.800882
0.617858
1.04067
0.745652
0.814207
0.40614
1.41019
1.35244
1.70564
0.795679
1.33992
0.731899
0.524348
0.460136
0.417668
0.778805
0.611194
0.517267
0.631544
0.629886
1.11281
0.6632
1.2668
0.596476
0.892088
0.745335
0.467749
0.702351
0.667559
0.559924
0.5671
1.44561
0.483205
0.408316
1.37471
1.4219
0.447287
0.734854
1.0595
0.527997
0.797999
0.511307
0.616768
0.700063
0.60064
0.641427
0.740897
1.25635
1.28541
0.383459
0.680896
0.616161
1.2929
0.838522
0.714252
0.732049
0.749857
0.447655
0.838207
0.702183
0.428985
0.515355
1.46041
1.01379
0.689912
1.01072
0.971821
0.701076
0.525167
0.616062
0.714646
0.735229
0.817688
0.821764
0.743717
0.727579
0.768674
0.837737
0.995
1.58881
0.501816
0.539321
0.817762
0.680528
0.653682
0.598268
0.763342
0.873825
0.745601
0.610331
0.731236
1.08327
0.486792
0.6955
0.821692
1.22914
0.811372
1.05098
0.792063
0.886518
0.578048
0.639062
0.708948
0.531879
0.581851
0.769657
0.63815
0.203577
0.724846
0.611142
0.190821
0.802376
1.24369
1.44147
0.733822
0.646045
0.677889
0.719843
0.384994
0.445592
0.355265
1.35896
1.3622
0.529068
0.461148
0.63013
0.528089
0.470581
0.581619
0.730135
0.820491
0.626299
0.492878
0.764705
1.40246
0.47128
0.745693
0.645441
1.02863
0.508574
0.562671
0.726747
0.685694
0.72604
1.08521
0.234993
0.60924
0.541237
0.458914
1.12884
0.814854
0.57573
1.39005
0.533029
0.726892
0.442243
0.617856
0.356617
1.62632
0.59713
1.13649
0.878132
0.687696
0.799999
0.831921
0.415139
0.573139
1.4567
0.654734
0.390178
0.798135
0.828646
1.35335
0.704202
0.719501
0.784725
0.697617
0.833219
0.72616
0.883927
0.891754
1.313
0.419103
0.551817
0.814939
0.675608
0.370289
0.679405
0.677488
0.768346
0.820278
1.33002
0.741052
0.392266
0.745192
0.733421
0.901638
0.512013
0.69246
0.957192
0.52586
1.20327
0.720033
0.782752
0.94108
0.601171
0.466459
0.626299
0.737463
0.804019
1.40179
0.686145
0.564086
0.380387
1.27039
0.838355
0.765009
0.398047
0.526739
0.497037
0.790709
0.684421
0.626291
1.20991
1.23629
0.746062
1.37781
0.822265
1.45843
0.643565
0.734369
0.829054
1.249
0.697811
1.32757
0.745078
0.800425
0.727246
0.752963
0.931991
0.543042
0.703614
0.738425
0.738955
0.710416
0.616842
0.469305
0.557675
0.738017
0.871707
1.26944
1.30946
0.607281
0.749181
0.968227
0.840214
0.467844
0.684336
0.601203
0.779754
0.450013
1.37626
1.46823
0.240748
0.631861
0.453886
0.319662
0.553466
0.482608
0.94412
0.656985
0.535135
0.403341
1.14916
0.714177
0.716274
0.9376
0.459924
0.65834
0.40524
0.681381
1.29116
0.663617
0.781199
1.16626
0.695093
0.91497
0.461524
0.621575
1.07487
0.717471
0.94031
0.659465
0.524991
1.3699
1.0794
0.601898
0.674091
1.40704
1.40704
1.41054
0.514577
0.48121
0.620869
0.401613
0.76278
0.438771
0.725359
0.764166
0.500837
0.666149
0.711163
0.794838
0.609215
0.573811
0.575585
0.604836
1.27902
0.704443
0.80966
0.590428
0.676695
0.381704
0.888583
0.650906
0.445417
0.778818
0.762432
0.703343
0.725706
0.748205
0.612044
0.902786
0.717737
0.717787
0.372108
1.10069
0.835487
1.11318
0.563197
0.858602
0.6236
0.480129
0.575289
0.660255
0.475621
1.02644
0.762191
0.694257
0.769313
0.721524
0.70333
0.603259
0.705876
1.01575
1.17661
1.43969
0.718563
0.684436
0.952894
0.799062
0.562967
0.408368
0.638902
0.581345
0.401719
1.20607
0.951075
0.702258
0.829134
1.39933
1.41955
0.793974
0.726763
0.44621
0.670932
1.1313
0.622357
0.921867
0.388277
0.672914
0.562808
0.614413
0.774269
0.322234
0.594748
1.25522
0.667383
1.19063
0.452626
0.790067
0.612725
0.8096
0.589606
0.645054
0.853796
0.421673
0.67426
0.691447
0.462084
0.682565
0.698615
0.45167
0.659765
1.20537
0.438172
0.761952
0.895622
0.510726
0.514201
0.66382
1.18357
0.634852
0.354605
0.839313
0.817378
0.79901
0.38178
0.710144
0.52442
0.395206
0.877865
0.761338
0.78247
1.25173
1.40344
0.65477
0.352703
0.408448
0.508338
1.09241
0.694773
0.983176
0.834469
0.562336
0.704297
0.708719
0.6985
0.815325
0.674922
0.318213
0.490527
0.760898
0.827383
0.506385
1.3847
1.30199
0.863221
1.36806
0.626283
1.05531
0.694016
1.33207
0.820489
0.627389
1.02175
0.728244
0.48193
1.2583
0.734635
1.35928
1.36324
0.69524
1.2508
0.589865
0.837544
0.712998
0.913147
0.818837
0.596293
0.626161
0.810722
1.40718
0.697252
0.734439
0.833051
1.15009
1.44485
0.602171
1.29261
0.577573
0.429972
0.681832
0.714581
0.82403
0.687738
0.769779
1.40908
0.823129
0.782702
0.865195
1.15926
0.711294
0.589979
0.739048
0.817445
1.07815
0.681171
0.806307
0.406461
0.717757
0.731619
0.647023
0.703735
0.401814
0.735582
0.590686
0.718585
0.749029
0.830946
0.666791
1.33898
1.35257
0.441484
0.655822
0.645509
1.56721
0.754009
0.807159
0.827991
1.46735
1.22766
0.379102
0.48688
0.412517
0.505813
0.457342
0.791891
0.739904
0.571374
0.497733
0.818727
1.45112
0.743381
1.2751
1.29837
0.606949
0.608201
0.457499
0.416454
0.472231
0.56003
0.780652
0.884598
1.14446
0.710626
0.763704
0.440373
0.708847
0.892669
0.401405
0.803455
1.32021
1.36209
0.726666
0.984102
1.18173
0.768168
0.876897
0.609007
0.78488
0.688597
1.2927
1.27532
0.640596
1.01896
0.636039
0.637555
0.997118
0.650301
0.509234
1.04039
1.07488
0.474722
0.813169
0.794933
0.582567
0.76223
0.614336
0.740748
0.460819
0.741722
1.05455
0.231595
0.372574
0.406565
0.517721
0.601265
0.838762
0.379453
0.459826
0.73374
0.869447
0.71346
0.675222
0.74654
1.23559
0.680842
0.757098
0.704477
1.45897
0.685495
0.713682
0.628252
1.17455
0.551855
0.638956
0.794212
0.804797
1.39293
0.745851
0.612433
0.599712
0.734868
0.522416
0.788453
0.555965
0.336233
0.756991
0.578142
0.465148
0.54714
0.408255
0.649486
0.489022
0.601801
0.906167
0.674875
0.600323
1.23323
0.477508
0.779899
0.586848
1.32162
0.714242
0.376928
0.729751
0.820377
0.712607
0.927037
0.762633
0.762633
0.741178
0.698432
1.28212
0.730291
0.390776
0.42643
1.23625
1.30019
0.555289
1.03007
0.466531
0.74451
0.738119
0.770055
0.534232
0.804447
0.694833
0.747327
0.429543
0.631475
0.384386
0.327262
1.27225
0.768289
0.830209
0.745228
1.32067
0.642341
1.14518
0.416216
0.80656
0.602858
0.88942
1.35541
0.822339
0.393192
0.666577
0.754236
0.614586
0.688493
0.391454
1.0824
0.762567
0.711785
0.795059
0.431466
1.46695
0.756594
0.624963
1.19725
0.814776
0.818935
0.799144
0.743968
0.602133
0.756568
0.481849
1.21169
0.792964
0.802286
0.119183
1.4621
0.960932
0.682286
0.562619
1.02559
1.3291
0.780696
0.661986
0.808545
0.815032
0.584972
0.609198
0.706383
0.779752
0.763822
0.379587
0.673639
0.594185
0.684882
0.572551
0.702502
1.33793
0.624181
0.728037
0.682334
0.674654
0.672469
0.781438
1.41141
0.583702
0.635868
0.706002
0.739992
0.710012
0.648117
0.795468
1.26006
0.730566
0.744938
0.412634
0.591004
0.172645
1.05083
0.469073
0.736657
0.726332
0.717715
0.662071
1.2264
0.605806
0.508092
1.14222
0.634584
1.08724
0.679683
0.678503
0.71473
1.30726
1.30946
0.635644
0.652707
0.83813
0.843189
0.661032
1.43365
0.990061
1.26785
1.41202
0.799142
1.28755
0.604548
0.52025
0.694593
0.811128
0.844117
0.518772
1.40342
0.933681
0.399071
1.29776
0.589511
0.435766
0.577265
0.594761
1.32146
0.576551
0.394339
0.713403
0.76814
0.382658
0.782021
1.4299
0.913191
0.788905
0.712325
0.597436
0.60233
0.600024
0.530938
0.536735
0.644697
0.72435
0.370355
0.436817
0.599317
1.36466
0.601307
0.725037
0.581464
0.491659
0.525544
1.38524
1.14442
0.67496
0.698598
0.668779
0.618383
0.125483
0.125483
0.126985
0.759064
1.23847
0.166245
0.219696
0.230764
0.447995
1.03318
0.697505
1.31462
1.35729
0.685439
0.489989
0.598547
0.493267
0.653815
0.747692
0.829597
0.769321
0.746594
0.961613
1.36219
1.37202
0.471607
0.543419
0.569397
0.785944
1.27241
0.687113
0.809071
0.545969
0.445684
0.758566
0.685056
0.401182
0.724548
0.408676
0.764866
0.611441
1.33808
0.795758
0.396979
0.723926
0.820948
0.416946
0.498753
1.32505
0.533111
0.783859
0.782102
0.81031
0.821943
0.704503
0.551984
0.484931
0.988236
0.600757
0.498033
0.514431
0.620476
1.36704
0.831876
0.848615
1.03464
0.509769
1.41452
1.07825
1.35284
0.60581
0.294219
0.704108
0.520795
0.713705
0.807244
1.34365
0.717468
1.22961
0.734681
1.32716
0.44855
0.754609
0.812708
0.559172
0.687695
0.463361
0.619675
0.942368
0.803452
0.705429
1.10829
0.733571
1.0679
0.766478
0.534795
0.747743
0.431044
1.11994
1.12458
0.618448
0.65419
0.810231
0.895777
0.829255
0.946917
0.669163
1.25837
0.610736
0.724742
0.739152
0.815566
0.451418
0.467792
0.542632
0.410713
0.384447
1.3897
0.718904
0.702514
0.862747
0.445995
0.696755
1.37748
0.404938
0.823004
1.32845
0.825574
1.17243
0.67079
0.452094
0.432043
0.726604
0.7904
0.631906
0.91991
1.00367
1.1733
0.447564
0.516066
0.803882
1.17585
0.815113
0.773765
0.716892
1.01202
0.688454
0.859429
0.760728
0.427046
0.467134
1.42567
0.79627
0.891538
0.50439
1.0282
0.522541
1.33215
0.645128
0.743779
0.774185
0.776878
0.763454
0.7396
1.47074
1.30278
0.584518
0.763404
0.8073
0.794147
0.488834
0.385568
0.767497
0.583357
0.737896
0.646933
1.05737
0.785344
1.17347
0.397102
0.41752
0.632069
0.410287
0.697861
0.831397
1.36394
0.74339
0.384955
0.731088
0.615361
0.637078
0.78789
0.693585
0.649809
1.33976
0.936758
0.427122
0.699192
1.00376
0.641742
0.825213
1.27833
0.423066
0.50115
0.623682
0.625414
0.450065
1.4695
0.730724
1.43006
0.751378
1.29467
1.46643
0.622039
0.28939
0.810508
0.786689
1.27997
0.405394
0.659277
0.613359
0.578362
0.655532
0.6304
0.706255
0.38837
0.380266
0.926342
0.462494
0.61321
0.278202
0.724246
0.416149
1.43975
0.806133
1.1159
0.684673
1.26046
0.841089
0.612102
1.20615
0.78209
1.16605
0.556282
0.583116
1.38251
0.756666
1.39686
1.15689
0.712379
1.34616
1.268
0.431271
0.62617
0.417586
0.409283
1.3913
0.60274
0.628365
0.826673
1.15046
0.69477
0.784496
1.26429
0.465365
1.4385
0.915105
0.729697
0.624888
0.648932
0.575141
0.642904
0.883151
0.693828
1.32089
0.719706
0.757485
0.556064
0.538144
1.43243
0.635042
0.745905
1.19574
0.901858
0.499306
1.30944
1.40763
0.730077
0.663361
0.772611
0.600559
0.376098
0.43159
0.673789
0.744925
0.63859
0.832595
0.31949
0.769503
0.594236
0.919946
0.631474
1.43779
1.43879
0.666539
1.36694
0.438372
0.677968
0.531772
0.637712
0.429622
0.665192
0.79401
0.817013
0.741102
0.667289
0.720048
0.712351
0.667692
0.856214
0.733223
1.29082
0.375949
0.682017
0.803441
0.584864
0.967945
0.628377
0.626153
0.786274
0.608074
0.787086
0.740073
0.712208
0.739677
0.798421
1.12062
1.0325
0.884636
0.895241
1.09531
0.999175
1.38327
1.40987
0.698287
0.376141
0.699854
0.777209
0.426893
0.779569
0.786167
1.46323
0.365707
0.966509
0.515144
0.673554
1.28458
0.821716
0.706514
0.677869
0.782661
0.501495
0.71036
0.643751
0.628739
0.758003
1.35832
0.696086
0.86847
1.36259
0.464206
0.652815
0.595046
1.27423
1.21683
0.553107
0.417964
0.79648
0.716449
0.619769
1.05516
0.742775
0.589569
0.734931
0.427529
0.700534
0.40335
1.45448
0.729916
0.75379
0.396309
0.69763
0.635435
1.32136
0.798111
0.188908
0.6416
1.21069
0.807677
0.717386
0.771261
0.539871
0.724265
1.4061
0.638166
0.709908
0.706702
0.707214
1.27919
0.682374
0.576651
0.774841
0.82757
0.783223
0.690415
0.657316
1.40565
0.733254
0.58063
1.40561
1.4099
0.770446
0.395108
0.525563
0.385108
0.713982
0.745912
0.792505
